5.989447595298950933e-02
-4.718703736308448027e-02
-3.312425076856943817e-02
9.264670970408594650e-03
8.267452052633017523e-02
-1.441391111069569020e-02
-4.389345930508277427e-02
4.666431742579410513e-02
-8.776134737072277883e-03
5.069601252221312380e-03
1.073790985329276249e-01
2.368135666571140677e-02
2.389957495196342804e-02
1.416019965069361120e-01
1.689355411084971295e-02
-2.691469496224563004e-04
-6.132554743734855082e-03
-7.763325795929669482e-02
3.546835138998622600e-02
2.955990719590469162e-03
-1.228103413570716951e-01
-1.308980716990245097e-01
7.755313944329947362e-02
1.791389123237882575e-02
-5.445322488736018506e-03
4.216055412620937221e-02
-3.286151342495859107e-02
-3.821920390238751821e-03
-3.623059056326088934e-02
4.320574317236114403e-02
7.122873669445679845e-02
-2.496550137985010728e-02
1.420490573190260654e-02
5.228667871909507131e-02
-1.583961432664653807e-02
3.837343911395323104e-02
9.169032152457319562e-02
-3.697323332473974322e-02
5.683808271200177509e-02
-3.254954441583087638e-02
-2.704332248296592578e-02
-3.425399013981140356e-02
-1.867694625121989150e-03
1.777900193331240913e-02
6.235503039108514223e-02
-1.149381114783890219e-02
-5.341347515137212162e-03
-1.618005507408714488e-02
-3.771520357399905238e-02
2.646202470983847251e-03
-3.761380669782082853e-02
-1.102889328169641692e-01
1.144936540663866846e-02
8.755879637542793303e-02
-3.389228834016282110e-02
1.893302164007764840e-02
6.073143840092645046e-02
7.916487777147088178e-02
-2.780531668491490957e-02
-3.053417852002256530e-02
2.137477292695194727e-04
-2.664905739712338222e-03
5.354947887604836337e-02
-8.299932430151545082e-02
3.221638561443398302e-02
3.400890940126030659e-02
-1.892706688152403019e-02
-1.015801274409583732e-01
-9.739218694750505223e-02
7.284452611162060831e-02
4.175004112944721152e-02
-2.630243079639822679e-02
2.724183976624082459e-02
1.319557711306506599e-02
6.139768237359477000e-03
-2.023979812778312071e-02
-6.994339537287275199e-02
-1.047174335490599212e-02
-3.561149057753263542e-02
-4.068604202300629691e-02
5.570340652754084826e-02
-7.248146507527539195e-02
1.255342497924100608e-03
6.180170204412636231e-02
-3.594236842915357610e-02
-1.704765521098149236e-03
-5.132990629548513789e-02
-8.357802163931647710e-02
1.989984867266101146e-02
-1.980399231032607676e-02
-3.187076607148216310e-03
3.048351014022468008e-03
-6.555754261502032276e-02
1.198902719512334215e-02
3.452197750795704678e-02
4.052649251812388137e-02
1.473517249917156123e-02
-3.186205304448421621e-02
-1.148213303015814396e-01
6.083707877374381484e-02
6.700477556128418832e-02
-3.429142631856679085e-02
7.200497528228359811e-02
-6.671346971277553051e-02
-2.224248118526399483e-04
1.356593849879239241e-02
-1.782701188234894762e-02
2.288148816153513093e-02
7.826985289251682520e-02
4.026084998999564929e-02
6.126172851784648932e-02
-8.759403894925696724e-04
5.946584474522301211e-02
2.985523376356204878e-02
3.682099794061927112e-02
-1.771585006871823770e-02
-2.498921458585141864e-02
5.793966656641470758e-02
8.039475224574671453e-02
5.930539922160996819e-02
-3.124981024835534957e-02
-2.367805230804210029e-02
-9.722022946892586170e-02
-7.487438635667728604e-02
8.488328070228957911e-02
1.070278198158232733e-02
6.441701696776655495e-02
9.923631388412026966e-03
5.059426868958842582e-02
-1.086052741272499657e-02
-6.954597123966711758e-02
3.477699667126435412e-02
8.666141794092328821e-02
-5.976728847511442178e-02
5.149822385980983713e-02
-1.078832503152045291e-01
-3.176295956059942832e-02
-4.324621982383326790e-02
2.149478146202446829e-02
1.080317621522195598e-02
-2.500110107644858831e-02
8.781541543074328215e-02
1.726010793905727661e-02
7.656022226306331835e-02
1.040322652245305110e-02
1.594049858635330358e-02
1.280165551841843524e-02
-6.274724141091951243e-03
-4.014721641883115671e-02
-6.560923707995618137e-02
-3.030479431432011109e-02
-2.958049747713100905e-02
-2.826783981150686118e-03
-8.038277522729408986e-02
-5.374369266698249270e-02
-1.082207864748444687e-01
6.935693932159826477e-03
2.285684334202028878e-02
-4.935494052875543519e-02
7.581805005549770160e-02
-7.525120507319790764e-02
-3.096489794057512290e-02
-7.835286086511667088e-04
-1.579356352715332451e-02
2.374021305252332209e-02
-5.173882471849628600e-02
-3.573676597891121270e-02
7.985346219312472460e-02
4.033872974063625050e-02
-1.474341292978654204e-02
-1.697458666804137206e-02
-2.347993758588730936e-03
4.811391283090416665e-02
-1.453027275714749954e-02
-2.981144907440860109e-03
5.331390915765382016e-03
1.515870787806922748e-01
9.211907526802380619e-02
-1.357841707922531060e-01
-5.951758230306567615e-02
9.778937715893014360e-02
-2.388176382081285548e-02
3.019093736522466750e-02
-1.823734372238042592e-02
-2.240471664717547454e-02
3.068316927321940515e-02
-1.289313914437052733e-01
6.964326470294311677e-02
4.712443685197074267e-02
6.204492809761651129e-02
-4.419798897429271477e-03
6.807301719839865817e-02
1.291284590166698158e-02
-3.422455495948261567e-02
-3.983328670935924049e-02
4.493291837534167665e-02
1.328957410408104431e-02
5.706206553449584551e-02
-3.101780750361680244e-02
-7.636724131892276557e-02
-7.887909578903586072e-02
-1.971247406348818065e-02
-1.201561457757351417e-02
-5.492388136172009910e-02
1.015763665610597104e-02
-2.500912349751012800e-02
-5.075406125317051542e-02
5.035951472331836286e-03
2.965351450463671757e-03
-3.634214532420393558e-03
-9.576453092325697136e-02
-1.979267675468195792e-02
1.389069403066080753e-02
-2.243436764228460417e-02
-8.489888253989207045e-02
1.717199610374094132e-02
2.675457613436494145e-02
-3.825735398397767106e-02
1.507736452649412716e-02
-5.088973426995979654e-02
-2.643215060722701321e-02
5.070968637022153780e-02
-3.412017850037784347e-03
-6.340695396090968716e-02
4.711510292645940123e-02
-4.294945988223443367e-02
-9.355279674705645199e-02
2.757729721160176711e-03
5.111240947137574500e-03
4.198584305208275316e-03
5.737648150932359199e-03
7.017019821478027997e-02
-8.494326769569174318e-02
1.743118886312447491e-02
8.202389025132682254e-02
1.368538380437397776e-02
-2.294395506219560482e-02
-5.943328295951831944e-03
-3.592165231266567643e-02
1.212269817426861115e-02
-4.512695583688033397e-03
1.024110586892424367e-02
1.376884263424348748e-02
-5.592042460680293758e-02
-1.029795017509203998e-02
-6.266377341496146003e-02
-8.979335539980873304e-02
-1.232807106162171588e-02
-5.395857538690967958e-02
1.490234771223215675e-02
3.790517467008268360e-02
-4.371674319936092595e-02
-1.755099993608388040e-03
-9.114193351789130759e-02
-1.289178190841700974e-02
-4.125177196665046758e-02
3.625463526326435509e-02
5.923025612892857811e-02
-8.780680137774694860e-02
-4.956091338586178507e-02
-9.446368048067027567e-02
-2.385588218959192389e-02
1.989237510277248877e-02
-2.968779665748755986e-02
-5.978703143439219846e-03
8.760082391955656411e-02
-3.469720952656983604e-02
5.234571782551167979e-02
9.100283323551207337e-02
4.778971752894691600e-04
1.015792649862344160e-01
1.803216977283200739e-02
1.917800405089118213e-02
-6.531648011980718815e-02
5.927669606519994812e-03
-2.716082360268143314e-02
4.802922965979575937e-02
5.300619867074013447e-02
2.621489124452816219e-02
-6.070151211491072590e-02
1.078428791670331816e-01
3.694461507705469605e-02
5.715456827574040164e-04
-4.817731979987416313e-02
-2.080871368886462805e-03
-1.621565422134831416e-02
-3.331426961493963446e-02
-4.721678009353196676e-02
6.406797677879150221e-02
3.285859757243822510e-02
-2.364143466453077960e-03
-4.730080782246830901e-02
-5.643387870788694333e-02
-5.837946177676033022e-02
-3.687623128128509481e-02
4.134707116521350867e-02
2.482245001219531705e-02
2.580259401892491186e-02
-7.240185785315583940e-03
-1.484942284081400450e-02
5.472117188096314172e-02
-3.653450793625811349e-02
-1.023436746053319329e-01
-2.263769805918154979e-02
-1.368846013870169288e-03
1.250746985690552463e-03
-3.090921911427554555e-02
-2.379135820016766573e-02
9.979493914969711846e-03
2.331540944523295342e-02
9.892815435847480618e-03
-5.621611053365001970e-04
1.388535522951127484e-02
-8.005904981648883159e-03
1.105009280912194053e-02
-5.640951206175724014e-03
-2.958226703426423444e-03
-1.882739094328641366e-02
-3.174360967582328524e-02
-1.002063269155357289e-02
2.569942672593204108e-02
2.316037204913534014e-02
-4.525588839864288365e-02
-4.670749600823127443e-04
3.481519455745280683e-02
6.354719758725847767e-03
2.816480595636901979e-02
-1.925414316797998543e-02
-3.536415466569611810e-02
-5.474018880000466880e-02
2.020714019262206691e-03
-1.331326956716933317e-02
-9.185602701277465962e-03
-7.810790005470812092e-02
4.198339213680676862e-02
3.097982366274657298e-02
1.662603075439783237e-02
-7.181005461035711024e-02
2.989856429763009665e-02
-5.942218442409399892e-03
-5.662359141291647274e-02
-5.595728350225997322e-02
-3.947223133458403060e-02
-7.556087668609381969e-02
-6.127759940211340017e-02
-3.374702018230317513e-02
-5.705177090129286838e-02
1.180250634260501981e-02
-4.895027412253349225e-02
3.137082928876652049e-02
-7.525870696044374697e-02
-4.499288708788644342e-02
-3.063800136851602823e-02
-1.252318682080091894e-02
-2.317363844011513865e-02
-4.551821085830643973e-03
7.101179106567143129e-02
-1.134552300601141400e-01
6.234736671430782945e-02
1.526177182888215295e-03
1.743691501970540125e-02
1.014125628335279909e-03
-5.267301733354324417e-02
7.031403483357230588e-02
-5.010613696302015745e-03
2.908749882203108886e-02
-2.554308542007950600e-02
6.049887217251084803e-02
-6.192508793524985344e-02
-2.305670171517589309e-02
-1.372745808547733148e-02
-3.360900960386409980e-02
-1.123376097699804906e-02
-9.052669326536372241e-02
-5.598821093849905631e-03
4.790061584253877541e-02
2.302274266058139483e-03
5.307369588201258509e-02
-3.848439048839321502e-02
7.680031184086950902e-03
-1.622245820935736341e-02
1.170313911093175292e-02
1.262740294754758907e-01
-3.355679928679781293e-02
-1.184413458084923425e-02
5.598238982260644175e-02
8.527102013504435363e-02
2.490281266013361430e-02
3.506036546821642008e-02
8.029083552795907366e-03
-9.343826803216246507e-04
2.082312412378597294e-02
-4.251067201750510782e-02
5.745021591897050278e-02
-8.745010964237779141e-03
-1.607928826201091357e-02
2.692662382723358394e-02
-3.789935079258550943e-02
1.495299387561056272e-02
3.417970521345141399e-02
-7.489082033655228288e-02
2.377490062694255502e-03
8.810951284961954233e-02
-1.904382122574144187e-02
-7.100281347442971049e-03
6.374036070149505587e-03
-1.716381701163307086e-02
4.247685303834475290e-02
7.278630390764813211e-03
1.480289314274273182e-02
-6.550371375408549357e-02
-4.776419118828660604e-02
-5.797165159765628462e-02
1.002103188242533562e-02
1.150961245369145833e-03
4.125103195917571158e-02
1.090014767383691713e-01
-2.674258366501927608e-02
-7.118012281935974517e-03
3.751523284244318718e-02
8.820718177857183803e-03
7.991342521193919857e-02
-9.714584488602059920e-02
-2.930268783501055463e-02
1.371481060830256719e-02
-5.504494672531450722e-02
-5.131279625084088358e-02
2.853226176891944174e-02
1.951919811356012807e-02
-5.983097495140896754e-02
1.738061310556646491e-02
4.581235155746815613e-02
5.419088468003321890e-02
1.998269241725740119e-03
2.322293177480201989e-02
-2.738817936996612232e-02
6.664296834657720825e-02
-8.385991967881126219e-02
4.842166646253019680e-02
1.692939405968330729e-02
2.364757608848095174e-02
3.863477203044791281e-02
6.384836285030982828e-03
-3.745721659413688009e-02
1.195272773571540853e-02
1.025808316063389278e-02
4.941524812531392780e-02
8.202571748792931994e-02
-6.189382540513262837e-02
-3.681654453174985214e-02
3.806071200972522411e-02
-2.006358795126954309e-02
-1.001991465653554181e-01
-2.949569404494599683e-03
-4.513663111604215850e-02
-4.421223005660205978e-03
3.070073346801915556e-02
2.749747749706972846e-02
7.278994613680737913e-02
7.543979167346333281e-02
-4.182822688392820454e-02
9.080822826385735735e-02
-2.182348888430735850e-02
-3.015655303847016022e-02
-1.110700444697118941e-02
-5.779040829361769410e-02
-6.116417381920097318e-02
1.689270854515843162e-02
-5.969801302404142279e-02
-4.366512655026542206e-02
-4.819184811560072584e-02
-2.550377980134280881e-02
1.301161687918073531e-02
4.365255529406104895e-02
-4.470852624403146708e-02
2.703052047768722543e-02
-6.260824297280505324e-02
-2.957158836815074795e-03
2.120446912814203874e-02
-3.037504975092212775e-02
7.061705718702695166e-03
5.359370672756897519e-02
2.468194112745062882e-02
1.158560312813047138e-01
5.951023486631508430e-02
-8.461075729276640311e-02
-3.416459530748915813e-02
-5.339612772520926226e-02
-3.846783019748518939e-02
9.469808464427345238e-04
8.941478801656596587e-02
-1.324017899053864418e-02
-9.168585007760354788e-02
3.161362170403025917e-02
-5.272821259457287357e-02
-5.267639466608559085e-02
7.084482296347853481e-02
-5.529543971347056219e-02
3.282961750168537224e-02
3.173864910840705489e-02
-1.861644550843095589e-02
1.167864450278459018e-02
-6.497302403496049705e-02
-1.302398227786047240e-02
-7.937645589853067896e-02
-4.730656397994216500e-02
7.766842855502693876e-02
6.617665500242142507e-02
7.403851722534865454e-02
1.167330944759990691e-01
2.960874474018421187e-02
4.296764900308349538e-02
3.181743739675917115e-02
-5.214751748535185333e-03
1.888814862069345193e-02
2.124247942582464105e-02
-7.391520598959319677e-02
1.926728652694776472e-02
7.603391714643135610e-03
2.181546487527890460e-02
-3.675219145832184231e-02
3.205294550007560528e-02
-3.060349937711346821e-02
-7.329193605371506735e-03
1.687996015933499599e-02
1.251177827583829262e-02
-2.953349828556364048e-02
-2.092265560585127374e-02
-4.023194963336223368e-02
-3.442520017509911878e-02
1.720379962562727100e-02
-2.449870769274581361e-02
-1.442750584081820865e-02
1.485998819288417844e-02
1.282761316067643036e-02
7.115999296384581396e-02
8.644840789002883330e-02
3.763759288338448371e-03
-6.640484499859342082e-02
4.184946388052609295e-02
8.699035990826017861e-02
-4.706137719981991555e-03
8.630377021694985926e-03
-1.130423792547612938e-01
-5.817831597428150397e-02
3.107849918750121149e-02
-5.376809096361827127e-03
-4.948678973409043058e-02
-7.247610779119270652e-02
-7.709568404485891979e-02
1.944105254969141425e-02
-7.942868835567892805e-02
5.732942104735729710e-02
3.800103428227704153e-03
-1.166430076531228960e-01
-1.139299348439887088e-01
7.236267977531124496e-02
4.475505791983800524e-02
1.220621668044181984e-02
1.235422487041045424e-02
-3.974439762268893589e-02
-5.578894460562806162e-02
-3.209636484030609083e-02
-9.985530521317398378e-02
3.783675895580330961e-02
-5.206178803339905209e-02
-5.673806689033487199e-02
-4.211581873120145980e-02
-4.980854461702621805e-02
4.162544051290736208e-03
-4.807574974692697435e-03
7.041118084246865416e-02
5.853603582810076172e-02
-5.469286637463317141e-02
1.827280326763041154e-02
4.824904815990779805e-02
-6.711107894988263545e-02
-1.225885444247869736e-03
1.437999899861403322e-02
-1.302559241034355331e-01
-1.239736297293437010e-03
3.878903864694136644e-02
4.393270002197609270e-02
-1.239447195764164502e-03
3.454518864927968395e-03
-4.508458830521806793e-02
-4.353439845693520688e-02
2.423893128631289876e-02
8.784654690352466933e-02
-2.136862363724647065e-02
-5.439958116994570575e-02
-9.331764952221674458e-02
2.255806358121092980e-02
-3.210697496872853829e-02
3.780326186208076561e-02
-5.048476746233178380e-02
-2.396132697952096761e-03
2.497238274609652267e-02
-4.449079348874744599e-02
1.889022068047033903e-02
-1.554084129441406443e-03
4.196769254441858055e-02
2.035516206218213053e-02
8.828769542594766193e-03
-8.113673457456463400e-02
1.532379438221065371e-01
-1.551159905222091601e-03
1.796459484135762546e-03
-5.810630940296291486e-02
-7.597398848041542196e-02
1.045093529653910377e-02
1.368358877986757677e-02
-4.842148931205737805e-02
-9.336181963995930644e-03
1.250757455442375390e-02
-3.715888226461638161e-02
-9.630354236087022846e-02
-2.863128454136617141e-03
-7.164101147867332937e-03
3.939407198814726813e-02
-2.715001375316611343e-02
-3.840340739130487097e-02
-2.049183214808950049e-02
-2.560716397906425551e-02
-3.471264497459167903e-02
-6.382271369294753582e-02
-1.895261830080192163e-03
1.128177532582431454e-03
3.075470270312496285e-02
1.599753224194711693e-02
-9.618190205980380741e-03
-1.092007838053055298e-02
7.196812536313604292e-02
-3.593299329073514764e-02
1.062154219333731331e-01
3.395025541354548121e-02
2.135956712280590725e-02
-2.822799760124177632e-02
9.581159609548908773e-02
4.074120186524015502e-02
6.060861930480686971e-02
7.805643526432386181e-02
9.138274106447149756e-03
5.668742600223169309e-02
-7.247624488783800667e-02
-6.171309310140071433e-03
-2.297619592395172203e-02
-1.982971585165761025e-02
-6.663981896528209381e-02
-4.012161695161168412e-02
6.757911207703950519e-03
-4.322610992604999230e-02
5.967939744083833320e-02
8.042156217830843945e-02
4.774078836744966026e-02
-5.965310471723357134e-03
-5.026510710327232456e-03
-3.707592268893733240e-03
4.769582144127762491e-02
2.671950640531920579e-02
4.379269757403132790e-02
-3.720387543739247117e-03
5.680395465559368376e-03
-6.380950803217882994e-02
1.579440054534524823e-02
-3.991004867411616225e-02
8.765447006136019292e-02
-4.970761636958290902e-02
7.242950359997036257e-03
-7.164387797515632886e-03
2.158618804103978883e-02
6.306932121410536995e-02
1.191536072483770220e-01
2.691178298723213153e-02
7.487643857050485519e-02
-9.331288194439871231e-02
-6.783549763048328518e-02
-5.714009586896180021e-02
1.982956805918204696e-02
-6.115527723327848081e-02
1.160243453220804848e-02
9.964896694670422050e-02
4.900489232972511655e-02
-9.737090708116466833e-03
-3.795442488649709151e-02
-1.569231944450931449e-02
-3.732306214492218249e-02
-4.495847164702972132e-02
-3.460112514087000657e-02
3.026524437260004474e-02
-2.596839034656711273e-02
-1.012010638157652236e-02
-2.256718019497258240e-02
-3.958681384524747465e-02
-4.016288744984153336e-02
-4.766508948220890551e-02
1.001369405607791252e-01
1.180807685564326526e-02
5.522568912260549662e-02
6.244797054371079709e-02
-3.079586984142287931e-02
7.082010009437836318e-02
2.910556352951974499e-02
1.479561333469209781e-02
-1.039884710993053962e-03
-3.249491067319398852e-02
9.137213112705887263e-02
8.993588420776782444e-02
4.053675744667493280e-02
5.033157757343093008e-02
3.510206676880427840e-02
7.858064132918855804e-02
-9.645301853565309280e-02
-2.113878252576996755e-02
-1.233255822606068967e-02
4.958408690918656575e-03
-7.149604213842725153e-02
-4.969137508161640404e-02
-9.752816863458339813e-02
-6.369364232629289024e-02
-2.675842352676252242e-02
-9.416448590608494928e-02
2.940000659983494843e-02
7.317487896702516703e-02
1.803079786296314657e-02
4.983555743047753117e-02
2.840652924102934559e-02
4.285724592063006738e-02
-1.188915147837145414e-02
-5.980285653034457527e-02
6.457873529059623974e-02
-9.473839508031973652e-03
2.712937331163766189e-02
-1.064898113693440312e-02
-1.363197243824560909e-02
2.164005100368686374e-02
1.632497429666335820e-01
-1.380661476062681192e-01
-7.781400394376889601e-03
-1.022384417837831488e-02
4.195024880642678894e-02
-4.342857151072426064e-02
3.245579386683053458e-02
2.733462421676045515e-02
-4.174354726617458822e-03
-1.095793650631122530e-02
-1.399354893044049697e-02
3.084614226027035389e-02
-5.593156553148766891e-02
5.261309671197769711e-03
2.819008915827073830e-02
-1.703805393725468242e-01
3.581131365801292626e-02
-5.515099665334464996e-02
-2.431611073955189384e-02
3.855856999056772594e-02
-2.702239307074254596e-02
-4.017581294669205806e-03
-6.211093507364319477e-02
1.827370865013437304e-02
-4.716478304574582558e-02
-3.390918779533014932e-02
3.212402748695222104e-02
5.147284070999567918e-02
-5.284388048801525600e-02
-8.065820956138111675e-02
-6.629835761858678296e-03
-7.357590233109448374e-02
-5.726906203521928834e-02
-1.137881177244074171e-01
4.442837027526899685e-02
5.349724767572099776e-02
3.185021542265118605e-02
1.982265611778426251e-02
-4.035346635528586079e-02
3.101540853301978581e-02
2.806471474004571670e-02
6.852013903590008052e-03
-5.134011090885248069e-02
-1.452889786367630130e-02
-2.957451365533079676e-02
7.923023688725395683e-03
8.006061151594792355e-03
3.478676816017951812e-02
-2.682478155353736071e-02
2.078265588597631719e-03
-3.970909701294008526e-02
-2.433578953479365817e-03
-3.349112440054318601e-02
5.207221438595582147e-02
3.939425327675548025e-03
1.233445397456854956e-02
-7.505684380377676546e-02
7.389546533362395357e-03
-1.381636015982834129e-02
-5.567934312929290891e-02
-7.405015965379165011e-02
-1.534972575904933710e-02
2.517874027252443164e-02
5.189912780088572902e-02
-4.230507561496335209e-03
-2.846303315936068654e-02
2.474766254541650029e-02
-5.185825876001334128e-02
-1.851835864786446212e-02
9.712504749652952837e-03
-2.368786676209101716e-02
3.481322989046288507e-02
8.602630123538787532e-02
7.900776155481145646e-02
1.008810726762359999e-01
1.992368534697773128e-02
-1.676308128033682232e-02
-1.573928228218409928e-02
2.030406443160624047e-02
-9.086799817710574170e-03
-6.730969768441755381e-03
-6.002938268038485875e-02
2.775247098118376055e-02
-5.010507051751806468e-02
1.794028270328596603e-02
1.633860720705156491e-02
-3.665499210688021037e-02
7.169010061116715127e-02
4.005769527527615337e-02
4.502216425250177290e-02
9.429185208371227908e-03
5.957843822446717147e-02
-5.251726440327961903e-02
4.225903289127439476e-03
7.267761566543631813e-02
-8.048367987243539023e-02
1.119254828216509484e-01
-7.539778217117402981e-02
1.667013171852360642e-02
-6.112691367182540190e-04
-1.368082568764753329e-02
-2.266545856132223466e-02
-2.535951723871570848e-02
3.880169923136143634e-03
1.063049641101746629e-02
-2.209423263258209966e-02
-1.301669834952452059e-02
1.286891399995900714e-02
1.327766373168451017e-02
7.092519318395903993e-02
-3.010155906762622055e-02
-4.558280262348594208e-02
-5.631800949499679576e-02
5.278732220855470586e-02
1.211361223165716428e-01
-5.480468365908738176e-02
-1.038782117321132570e-01
-8.006607435446606510e-03
5.144937651431483010e-03
9.994103021217724814e-02
9.992515809534611645e-03
-3.726338483734906865e-02
-1.585290478641475376e-01
2.884892904460116883e-02
6.382110660516961305e-03
5.040437302640718951e-03
2.637981534778712292e-02
-1.740161039580433999e-01
-3.725847466532045821e-02
-4.269294025000264919e-02
-1.266449470194357194e-03
-5.538392478532740137e-02
-8.403243924470045478e-02
4.712484439386517565e-02
1.056868170614272406e-02
-3.351641757392914700e-02
-7.681694589797073702e-02
-3.718935885153747817e-02
2.521889392935697943e-02
5.082425394425686482e-05
1.126501745498897575e-02
-2.216933092852973672e-02
2.683994877193173964e-02
-6.454486626887458167e-02
4.732015115541024497e-02
3.538262224313377946e-02
-1.966019033919258821e-02
5.438717259753130667e-02
2.383289095512405517e-02
4.306747839482442941e-02
-4.799254409722197856e-02
7.120170132965736830e-03
7.640406598923896175e-02
1.640641401127044749e-02
-4.317678495531607208e-02
-3.469959756197685957e-02
5.221694658575338349e-02
4.675574556462873399e-02
-1.528082006113579312e-02
-6.837835488899250691e-02
-2.873760102061803396e-03
7.781954152690870145e-03
-4.977519515552981250e-02
4.617902296811809970e-02
-3.025778297242890172e-02
3.399216225159761712e-02
4.819057278951813239e-02
3.386186454583504229e-02
4.932801191369672739e-02
-3.609769770842788383e-02
2.369383946897939824e-02
-3.824620657225048185e-03
2.016640538901523852e-02
6.891482727577059875e-02
5.204655329341558584e-02
-4.877802940036188306e-02
-4.647777235850758526e-02
-2.365727807234895702e-02
-5.520856348517873963e-02
3.011306718993870743e-02
-4.824552723354944700e-03
-8.970238824741086359e-03
-3.189450869764998836e-02
-7.104839748779111230e-02
5.194738688322460274e-02
3.199059389574827883e-02
-5.126495261513128003e-03
1.593852381391334602e-02
7.729653733240739177e-02
-7.913505447920038405e-02
3.729528894165268921e-02
3.863507104911849399e-02
5.935037525442318079e-02
4.606645219816138392e-02
4.922613494560875574e-02
-2.435146758070478104e-02
-2.388115984645313231e-02
3.355224945569207102e-03
-1.077463994771881567e-01
-6.558592438616005216e-02
-4.790240364058630240e-02
-1.476654456176247458e-02
3.071104195378297416e-02
3.872092732792867253e-02
-9.973725740599752657e-03
-6.641248671100920264e-02
1.217804560636887717e-02
-1.422352926262007884e-02
9.490925818018100188e-03
-4.034223257205772628e-02
2.907570129654832650e-02
-1.658180641873664360e-02
1.632511455092658381e-02
-5.880659778558725709e-02
-2.971160819660674437e-03
5.421866585573934666e-02
6.220666417540465093e-02
7.560077769366002620e-02
-2.587233518909609273e-02
-4.498616099157606157e-02
2.274880000074062242e-02
-8.722068061243433423e-02
-5.455279158690292188e-03
-8.425189408273273117e-02
-2.072703491331271894e-02
2.589955936185187740e-02
2.898098291197355458e-02
-4.544458405471898249e-02
-1.140626345394833291e-01
5.995068981342460517e-03
1.254152076288580532e-02
9.393284215751450394e-02
-5.988858466973014105e-02
-1.086970786290625268e-02
-4.734425105217871313e-03
-2.302057263712726370e-02
-4.141116557961670164e-03
2.056833765259707611e-02
1.613866512603085931e-02
-8.358602193011235859e-02
-3.889701009232803680e-02
6.370624269748378921e-02
2.371362758267749060e-02
-1.444975153433485961e-02
8.018070638907950909e-02
-7.344305611881206397e-02
-4.632956227221143169e-02
-1.049609685981955781e-01
-4.017348361910901000e-02
-3.424825058893862101e-02
3.334025704694189296e-02
-9.293740871114857319e-03
4.186258726928859808e-02
-4.546467367896865619e-02
4.687271872431793274e-03
5.630401385792410673e-02
-3.473489030051826743e-02
2.547470685941078186e-02
1.503696031717080203e-02
-3.359164025944990500e-02
-2.720641499404247154e-02
1.878979960933999452e-02
-2.917122241232903909e-02
6.942050106989193503e-02
-3.725404917811799693e-02
8.560571651302162702e-03
-1.190728465102376329e-02
-1.902574648186552975e-02
-1.884872480178361592e-02
-6.414249133595348318e-02
-7.167126809874995418e-03
-6.118570827484787200e-02
3.544834913094964401e-02
1.250963379283776163e-02
1.556639144115166268e-02
-1.287373246747467240e-02
4.204865323250197434e-02
-9.095448203329629944e-02
-1.491611945397777923e-02
-4.647993929413214709e-02
-4.852672244441443711e-02
2.744897723689873614e-02
5.236523775017282861e-02
3.824293139267340852e-02
-5.852499421439322225e-02
-1.712224715788707510e-02
-1.018399487613347830e-02
6.615465668561168466e-02
6.438772582161450542e-02
2.818715584907852123e-02
-3.140912258063778550e-02
-3.526623463817071119e-02
-9.481529488768783952e-04
1.478030742353370411e-02
4.381200540842166216e-03
-8.331208554370125863e-02
-8.490612365199795564e-02
1.792186054406711901e-02
3.904174074312486559e-02
-2.881272480523765916e-02
-8.435808062201159696e-02
-2.143907493133803341e-02
3.793482224704729927e-02
2.321741350995005018e-02
4.169937535583496252e-02
1.583794295100462157e-01
6.957045817675257260e-02
-9.156210228320871281e-02
1.322945346549867784e-01
-2.927116287861854238e-02
4.451894414223250829e-03
1.295249355587692608e-01
-2.968930886685317884e-03
3.505823039041210121e-02
5.982649000627360963e-02
-4.661820222417156073e-02
2.032306924345692045e-02
-4.212180252133464892e-02
-6.932083537690766906e-02
4.038498284191219256e-02
4.240640801315471997e-02
-5.507475981265392249e-03
-4.281847391918512484e-03
-1.751480859320339849e-03
3.180006802111914888e-02
-4.758444831377686701e-02
-5.519342592805253495e-02
-6.864330128748175053e-02
6.159015845134858252e-02
-5.114653440590165301e-02
6.007723515200761449e-02
-8.542711409117055912e-03
3.304344815368486649e-02
3.250015809230379082e-02
-6.566888007700333318e-02
2.067663080613136098e-02
6.346291396201643453e-02
9.399773630767245536e-02
-1.866586446941746399e-02
2.460514306511015371e-03
3.198529359783065622e-03
3.775041028955660599e-02
-7.445755079423360678e-02
2.464215761732613599e-02
-2.572667941275068575e-03
-4.273264531656750798e-02
-7.286510180489218225e-02
5.046005931908656428e-02
2.526791029935932659e-02
2.248583991744422875e-02
-2.989458830790680047e-02
2.426299669260828518e-02
7.548468614738237936e-02
-1.296172080196288448e-02
6.636747856246195953e-02
-8.789476828626290039e-03
-4.650653564857945566e-02
-8.225109398545113470e-02
-6.288839472535530384e-02
-3.071608978479369034e-02
-7.129250781219394033e-03
-3.032639488055812252e-02
1.307044931707214419e-02
-5.065992260513894202e-02
7.244430253116454499e-02
-9.394016214049559152e-03
4.670942372570794504e-03
-6.198789096483236366e-02
-2.803334041605953439e-02
2.646402772719299787e-02
-2.172190399521670492e-02
3.031884421052952368e-03
3.641878841123242366e-02
-2.404698882307227878e-02
3.673394204753509945e-02
4.384864551231651940e-03
1.249218608514792578e-02
3.541335108111113000e-03
6.586727088972138371e-03
5.099952845755160308e-02
-4.271243775149703020e-02
-2.313224810498335296e-02
8.763478439135956657e-04
-6.563673971165946393e-04
-5.653510017382123304e-02
-3.057801766183533207e-02
-6.611481699458664207e-02
-1.221745856402865482e-01
2.444985315995998245e-03
7.572093741674787437e-02
-6.654372054542329051e-02
-8.740025107669462112e-02
-9.480438625264422589e-03
6.916374249399057095e-02
-2.100463612245065392e-02
2.512235382921344448e-02
-5.774058426522682419e-02
-2.727541483564388525e-02
-1.444193110237942945e-02
-6.635831511349461753e-02
3.080418601997943705e-04
-1.341114293757395826e-01
7.963248295898653351e-02
1.653540923816931851e-01
5.756985942699426734e-02
1.212763985131540961e-02
2.017295049547356348e-02
-4.081119272359556849e-02
8.655721931029655702e-02
2.085693671841706842e-02
7.755271820045973874e-02
2.816987328093915194e-02
4.662425945077870032e-02
-4.167271299644671224e-03
-3.119533093982145011e-02
3.832838743825992423e-03
-1.001405974904415463e-01
8.718041770415239922e-02
-3.990309190341991691e-02
4.819089807937405184e-02
-5.772464940244094976e-03
8.163879060436333990e-02
1.658787954170887896e-02
8.694831378096166963e-02
1.703510526448007503e-02
4.253627286381546357e-02
9.270568027311380799e-02
-7.038336498316767609e-02
-1.280099976286180538e-02
-3.125991281972335945e-02
-4.001353850010092028e-02
3.646365667825202106e-02
2.911419906714751704e-02
2.752582859548001123e-02
-2.974935779529484445e-02
2.181924238563550875e-02
3.448495950594190895e-02
7.920108974243614264e-02
7.472847819601480235e-05
7.472882902328382981e-02
-8.975231911617613176e-03
3.874798772311729977e-02
5.420477196106956302e-02
1.242522253996570765e-03
5.254730778361201698e-02
-2.021078286831656107e-02
-2.737077117390378928e-02
1.125515704893506608e-02
1.943824455429084275e-02
-6.958334944031437097e-02
1.026679076941876684e-01
-6.224372688701807627e-02
-3.825541921975011278e-02
1.773861145090039823e-02
5.215316500031592743e-03
8.663198760088081096e-02
8.059478428105408890e-03
5.016485299251285945e-02
7.093297360017931930e-02
-4.092578513963212455e-02
3.292115691029942615e-02
2.415249271369343184e-02
-2.187378623587607138e-02
-3.141595100223890796e-02
6.171042766517274153e-02
1.516915996214070889e-02
2.321484843898495316e-03
5.444366380601433492e-02
-5.966857870199796660e-03
-8.076178735928232766e-02
-7.568839856962411572e-02
-1.817279891112243834e-02
3.980745952979824337e-02
1.352208527577301173e-02
1.105873617659559839e-03
6.067270800144645981e-02
6.653556006094960007e-02
-6.997572329318340473e-03
7.750648971316817515e-02
5.954379512616955056e-02
8.168827959858994403e-03
-2.380083967886538476e-02
-2.506586345025055285e-02
-2.275495605419967232e-02
-1.138344810287869047e-01
1.227528524832090240e-01
4.976608684204605892e-02
6.975186205474838419e-02
5.783217127603079710e-02
2.710069883485054232e-02
2.020746090930398281e-02
-6.699923467134723254e-02
5.111288170534712683e-02
-1.657801341469501144e-01
-1.170404537403358924e-01
-2.980280414493705066e-02
-4.194155331411483778e-02
5.267885722842860496e-02
1.471588586898071004e-02
-4.535940026736064862e-02
-3.189717303370779439e-02
-1.186053986336214061e-01
-2.078319869335955999e-02
-9.739611908320844336e-02
1.913724530165275203e-02
3.653781535653289475e-02
3.346404649099234824e-02
-1.384271096088258643e-02
5.507213223440395045e-02
8.847687744135260268e-02
-8.917173454443427794e-03
4.613184068845852838e-03
1.387054051042826107e-02
-2.995168542557864744e-02
-1.799505675433881596e-02
-8.889345612512715433e-02
8.360019133845139616e-02
-1.177370675755648327e-01
7.784682364067086607e-03
-9.849298702551591289e-02
3.528390269670244467e-02
8.964661998507819640e-02
1.951916378457091081e-02
-9.653145797804899009e-02
-9.868221858249411060e-02
-1.816333008977451258e-02
-6.397282121752555532e-04
3.739233838790718967e-02
7.234326243494923481e-02
-2.507667498644429449e-02
-2.014170326006676018e-02
-1.409198620496797394e-02
-2.022295873766237831e-02
-1.213465321975644960e-02
-5.674686405997982769e-02
-1.972993357168796244e-02
6.683310999299917066e-02
6.531165342034450649e-02
4.165002997538438251e-02
2.279717076944466278e-02
3.567833432035093233e-02
2.987907508878722904e-02
-3.132516580153523605e-02
-1.737462810039882427e-02
6.969009542075134400e-02
2.151137319994016195e-02
-7.882776425040685653e-02
8.780937999797638893e-02
1.791985158575359546e-02
4.709611154254379067e-02
-2.873903309600688710e-02
-4.033154199515200794e-02
7.769880120569196396e-04
-5.713933870408816756e-02
-2.690139265258333773e-03
-4.255650755123331630e-02
6.609355081904536022e-02
-8.389997468570102590e-02
-7.706387644372846013e-02
6.248528833429747853e-02
2.626771159734238303e-02
2.310837551660354511e-02
1.733575840139695706e-02
-7.011942635976513814e-03
3.671742227923797258e-02
-3.684287658184053071e-02
-2.904921186794050258e-02
7.243700192131219406e-02
9.310507420577604845e-03
4.915253775158265337e-02
9.873571045195525531e-03
4.748411324698159630e-02
-7.761353314381524635e-03
-5.547656087397030006e-02
5.527616655340048674e-02
-8.091222756233790170e-02
-3.657892604203742681e-02
1.613209345633607322e-02
2.057883024475160375e-02
-6.425886335540841043e-02
5.087241863133133007e-02
-6.903101955266319201e-02
-2.602815205235227067e-02
6.058497513701230353e-02
-3.788159794781550266e-02
2.230822968507354884e-02
3.815049518839315479e-02
-7.006800358785152116e-02
-9.646292763642169352e-03
-2.943830565406783603e-02
1.548094162437491095e-02
1.052483413701981764e-02
-4.867918935109629558e-02
-3.499040055521291520e-02
-4.910356436207094499e-02
-2.699300353576480557e-03
3.698888390121466557e-02
9.291670042065670876e-02
-6.078575447588920044e-02
1.167165399039307369e-02
-1.303529171748331328e-02
-1.144917600203500252e-02
-3.059364403037320712e-02
-7.288215266287079164e-02
7.846259841295136206e-02
7.343704736301649716e-02
2.849636010928540200e-02
5.411928281375967542e-02
-6.586790563828488765e-02
-1.334414869508726564e-02
-8.596542633270350120e-02
-4.709142809582355510e-02
-1.155723909388492801e-02
-5.516760211980031858e-02
1.755244452918977918e-02
2.159287933429115611e-02
5.081356745307153561e-02
2.086184369967327215e-02
-2.002096466685487214e-02
6.293144221545129979e-02
5.923765673638581655e-03
-2.916182670570869814e-02
8.115469289057720970e-02
-6.600216564533764596e-02
-5.249095926588166067e-02
2.377550036262043170e-02
4.894783641202476304e-04
1.199072513816893532e-02
-4.206473350685024926e-02
1.102520676507366508e-02
3.179538432883765448e-02
-3.303306659445762877e-02
6.416813025465943100e-03
-1.403093186591664217e-02
-3.639393806003141107e-02
4.485810299906278775e-02
6.079141071787653311e-02
6.749529882064593533e-02
8.987659290559774083e-02
2.015387495166250445e-02
2.995763119280054829e-02
-6.427061975969738938e-02
6.201384939865386969e-02
9.766040647925006320e-04
-6.195076653980676612e-02
-1.177947114542931932e-02
-4.666270635520025634e-02
-1.196188609445554898e-02
1.104970487132710816e-01
-8.843527252585320353e-02
1.745407073517908636e-02
5.183747820335804501e-02
6.059415576939950615e-02
-5.305842813030009486e-02
-3.302963754815984448e-02
-2.931451367635149255e-02
5.587853708267329078e-02
-1.993630079941113766e-03
-5.050570690933263440e-02
-3.304509489353285590e-02
1.787646943026857671e-02
-5.625555060881101341e-03
-6.342227634974903494e-02
2.800435964566718589e-02
2.050263843293999300e-02
-3.615326930099556357e-02
4.781445936415496673e-02
9.611470643843232631e-02
-9.668662345029901961e-03
3.189623766302383898e-03
-9.514886008117038468e-03
-4.381765367626273139e-02
1.136111897400944939e-02
-2.060558509646396447e-02
6.941259270312416518e-02
-4.813414146202328603e-02
-3.137424607301044638e-02
-4.887989611549776667e-03
-2.621857561216553098e-02
7.590573543499637421e-02
4.140163259588614669e-02
3.005067160826068243e-02
-7.272897886177512317e-02
-1.437149864885036918e-02
-5.951967840463706291e-03
-2.773730995283939932e-02
2.768067904623297201e-02
-2.534022699836822531e-02
4.288455342072589743e-02
-8.453905323378983804e-04
4.742256239799606810e-02
2.765351415605200413e-04
-3.910771312991581650e-02
8.142567303491494990e-02
4.805963425844473474e-02
6.196348315252322471e-03
-7.677580976098206944e-02
-1.330130088010974751e-02
-2.347159514460562049e-02
-3.153148925756704690e-02
1.079485967415139552e-01
2.356443103978720505e-02
4.239767347675518078e-02
1.732743863691063677e-03
-2.576030898863560306e-02
4.631979992090532600e-02
-4.108951258098198639e-02
2.935620327851700979e-03
1.300019481386829358e-02
9.397848170751722796e-02
-2.445499584754449660e-02
4.691313080498835109e-02
-1.065377084091437797e-02
-3.082787478618048693e-02
1.122551156715209317e-02
6.744219810295526418e-02
-9.717563978473166275e-02
1.794342807553702540e-02
-2.100662684484392445e-02
-7.937645128252807797e-03
-6.085518336163628361e-02
1.553946315633068440e-02
-5.034855753318653176e-02
-6.915847770968540364e-02
6.561160148306707796e-02
-1.300406097413242187e-02
-3.472439201703957090e-02
2.647111656218762658e-03
3.151184431509913321e-03
-3.587200561838703450e-02
-1.241633429261490736e-02
1.311529271186440658e-02
-6.959696029786716087e-02
-3.289460645708712494e-02
-4.510007201848887509e-02
-9.246195602209267284e-02
4.305404328941755433e-03
8.849597673514129903e-02
6.921525123169142146e-02
-1.402883710194423143e-02
4.030879839501719936e-02
-6.054622938891806444e-02
7.920791551180672574e-02
-6.901432773450591474e-02
2.295513690292445841e-02
-1.106745788372126907e-02
1.204180363634834577e-01
-4.919801435972582376e-02
-8.362144576525178466e-03
2.092882397856759072e-02
8.080438299530484300e-03
-6.604803718741796004e-02
-3.161219267548866924e-02
-2.428420188781223177e-02
-2.739303983860322950e-02
9.551072425336029625e-02
1.448024857607040430e-02
-3.461290736071127166e-02
-3.836108015181633607e-02
-9.385702722100262851e-02
-5.413407959573682954e-02
-2.971576961862531369e-02
-8.478425242868890821e-02
2.462454050052731089e-02
-2.296785023315630128e-02
8.755345019058777267e-02
1.814142952940886108e-02
-2.569081954548732213e-02
1.553138002931522647e-02
-1.172076547549669306e-01
-6.913027784253840402e-02
-2.498254240212014962e-02
6.266569869911738089e-02
-6.465679941214721831e-03
-3.234668632913492714e-02
-2.228193613955373881e-02
8.459344934285031870e-03
-1.200992073230962714e-01
-6.467865424803144470e-02
-1.720614043349899883e-02
2.986409718463038394e-03
-1.131056299707507012e-01
-9.000908099585791522e-02
-1.955858619425298456e-02
6.788386759838424545e-02
-2.361533623600191659e-02
-4.479452803609378780e-02
-3.263735676215741288e-02
-5.262405783878846416e-02
1.318122854572945438e-02
1.028544126848508766e-01
6.957254835401807669e-02
-3.675027384524206511e-04
5.408361399326615249e-02
1.094426471250365459e-03
-3.577413541919236689e-02
-4.314747335262496264e-02
3.469505435508545704e-02
-5.665700728654213258e-02
-5.479770395345007900e-02
-2.808143234110677816e-02
-2.577395434674746924e-02
1.010124839059364441e-02
-2.801274133287427748e-02
-1.301182092906861057e-02
8.087679038870344839e-02
1.232521735507327012e-03
-6.779035348825565577e-02
5.591137940429984771e-02
-1.901661290175914133e-03
5.274755643263227128e-02
-3.838302203688829378e-02
6.106960370766775607e-03
1.290721928123329289e-02
2.592287362698081007e-02
-6.152176201340613104e-02
-8.689058290190869449e-02
5.947005866489726324e-03
-4.598838934133322835e-03
6.169839543902746505e-03
-2.770454994015934813e-02
-5.941663002409181688e-02
7.966624417415603399e-02
1.661027609598843963e-02
3.164065003706293538e-02
-2.588380426364711093e-02
-2.125141068155124435e-02
4.346581213586885040e-02
3.005057171010702688e-02
-2.191063187218901878e-03
-3.928433312365101071e-02
5.565645178482663685e-02
3.779868223952488615e-02
7.167709111846480574e-02
6.101265651685286451e-02
7.806592714660325061e-02
2.941488900085597116e-02
-2.215818778883313356e-02
1.454009894605907786e-02
-1.900090922023937173e-02
-4.261898430979915026e-02
1.442456580218789280e-02
-2.558415989552137795e-03
-4.013993162989105967e-02
-1.501687225728505579e-03
5.120580832958768203e-02
-1.183565621834191221e-02
8.240728692082432277e-03
-4.642376954792504923e-02
2.378704383023742472e-02
-1.051992761973348095e-01
-1.203261878263228585e-01
5.544785542039413345e-02
5.350236747850220520e-02
-6.752807097246052437e-02
7.424760102911720505e-02
-5.517160418374558034e-02
-1.143326984672712876e-01
-4.569331608324055799e-02
-1.434575230443624512e-02
-1.294888658514134136e-02
-5.307343429806674583e-04
-1.350130019055936249e-02
5.079893221052368679e-02
2.667834795796964267e-02
6.225319224252845451e-02
2.094197612832647895e-02
4.979917761946894145e-02
3.110298660128816770e-02
-3.526814882818960634e-02
-6.829937196370317043e-02
-7.971330762493850086e-02
9.383670108854891279e-02
-5.327887248249123936e-02
1.800742310395640408e-02
-4.895728398577162827e-02
-1.251563760486242294e-01
5.262294408119089911e-02
-7.585244536356230971e-02
-4.159765771578655125e-02
5.141744952045790990e-02
1.919489697872763835e-03
4.793704504382157588e-02
1.450703164360833339e-02
-8.290184730754625309e-02
-6.495727273969205406e-02
-2.466281023107028819e-02
-8.959404646101727654e-02
4.396605602794178419e-02
-2.264330474930871875e-02
1.140421140935525962e-01
-5.669832269657028995e-02
-1.591019324346978556e-02
4.921692519184731746e-02
4.275998888392711084e-02
-5.947344989368916202e-02
1.067666909193348661e-02
-3.752128726229673333e-02
-8.305388361567558886e-02
2.405148988186784492e-02
4.045837357572378001e-02
-5.658070767388941047e-02
-3.783128128194846308e-04
1.544109611996956864e-02
-4.414659007676479535e-02
-2.069228773484938638e-02
-2.585354304858758501e-02
6.120305021076669766e-02
-7.288108950750712967e-02
-8.342785782322412191e-02
1.085100380700769127e-02
1.783298954836069067e-02
-3.146976126940321389e-02
-6.814591459549179664e-02
-1.238893602554357737e-02
-3.136691468034168151e-02
-1.972371311142521663e-02
1.264938442391513700e-02
-2.903615516179886349e-02
-5.664060722909323303e-02
-7.706289383795139614e-03
-3.339252766610978362e-02
-6.694808619119609321e-04
-7.866504490532548466e-03
2.590907947924215790e-02
5.541430710805048121e-02
-5.516630459251412738e-02
5.774333781118677622e-02
-2.728301434592283678e-02
-6.392475859815273387e-02
-8.144038972398434661e-02
7.043660523007126695e-02
-6.234311943267945022e-02
2.608000774672106920e-02
-1.009342774664333392e-01
-1.014518913508081072e-01
8.062780791980250772e-02
4.342740394469223747e-02
-4.421077745258813335e-02
7.237675066504251596e-03
1.283297920131044358e-02
-5.972458109227329198e-02
1.007252830484594297e-01
4.481630695523134561e-02
2.763769875403307777e-02
-3.714178867443220650e-02
2.482846288746923605e-02
1.270287225969717743e-02
-5.944594484977125393e-02
3.234382323231715234e-02
1.735740706323882568e-02
-2.851837057926902980e-02
-4.490881390699522080e-02
-6.713311405877391003e-02
-2.815861846907150370e-02
-2.902946973684830331e-02
-3.059511849664278693e-02
5.921999043231077064e-02
5.830686108098301866e-04
1.057245727790255205e-03
1.500352050130920184e-02
3.870209537665470628e-02
-1.385152626398106082e-03
3.247286786529675860e-03
2.464457458958233677e-02
1.705000441344873413e-02
1.738682095825711260e-01
-1.654055731271370649e-02
5.832785770770447520e-02
2.203227371395779025e-02
1.221980480447820532e-02
8.668797571456400564e-02
2.926578242704817520e-02
-5.359579049542794599e-02
2.406380995149471139e-02
-4.813764455710883849e-03
-2.912233284962299426e-02
-5.922486429844316808e-02
4.244404575812552038e-02
-1.722488679893513508e-02
-1.791363378837999495e-02
5.600400343527220945e-05
-2.837676774085907700e-03
1.230050690759714425e-02
2.767146555661426002e-03
-1.207124971438301442e-01
2.799412133536788652e-03
1.350092622480035184e-02
1.992408979451344708e-02
-3.231637034988670693e-02
9.724115337457003502e-03
-7.204331479680413895e-03
1.003206235320827644e-02
3.695237204405295295e-02
1.621139300567927058e-02
-1.759372345913368454e-02
4.641446978826668790e-02
2.867055339375998088e-02
-9.324488969087675605e-02
8.888658592649213708e-02
8.099780194046837800e-02
6.162206750959316887e-02
-4.872808747489299798e-03
-2.681942331646455790e-02
4.147451280197101547e-02
-1.189078397682347479e-02
3.438557289296329672e-02
-2.941408285282115162e-02
3.716205842515563594e-03
3.882788678319599313e-02
-1.737814477484608128e-02
1.211995922088606042e-01
2.092812724797374693e-02
2.760616503000606903e-03
1.436741449926396373e-02
2.037052164901185722e-02
5.718525746739844956e-02
-4.642935599557312248e-02
-9.602821864611546521e-02
1.742535444608811143e-02
-2.627761849481581591e-02
-5.510869218587603757e-02
-5.958491692948593432e-02
-3.179393903486033013e-02
-2.180016375739295131e-02
-1.320229382955098035e-02
1.286853389859638278e-02
1.829094859667033945e-02
-2.580713805387646262e-02
2.421796249883450061e-02
1.127770311204381523e-02
2.198946830866991067e-02
1.494837514537314220e-02
4.629603282744334386e-02
-6.173998024219337633e-02
-8.269524885936288539e-02
-3.260549294654755520e-04
-1.178132788956592902e-02
3.983134375570920871e-02
-1.880090594113929467e-02
-3.702449546793577795e-02
-7.782278087144174628e-02
1.514816450782527878e-02
4.505707005645635810e-02
9.683545130214728236e-02
6.811334105006230932e-02
-8.387218718305736176e-02
-1.861716090695195169e-02
2.916459380865282780e-02
-8.217316178606055843e-04
3.840827041156505417e-02
-4.512029303103213401e-02
1.268452874531779753e-02
-2.422783913022139631e-03
-4.835689885207500316e-02
-3.647142237562008005e-02
2.416853835485999538e-02
-2.957116132096866343e-02
9.587708733296278207e-02
-4.114662219836267426e-02
-2.870252255641366976e-02
-4.062857334447447094e-02
-1.818970457244547395e-02
-6.414089322204674821e-04
-9.897020060526465213e-03
-2.508958406938809407e-02
3.982646733963855074e-02
6.047177892134286518e-03
5.536094537955688760e-02
-5.149483217227460163e-02
4.641329492907068227e-02
6.112363263656746259e-02
5.302689049209421447e-03
8.814279224371841803e-03
3.181227708404898297e-02
-8.598333082257388071e-03
-4.910347807785776092e-02
1.898978588886960153e-02
1.858112838210731338e-02
-5.341071561440560722e-02
2.068760178303107045e-02
-3.256556266028221708e-02
2.079213885496250178e-02
-2.642624328297869460e-02
6.780641040917252671e-02
5.954766555375431980e-02
-2.198294738804072376e-02
-8.446778549204215364e-03
-8.830422417529412704e-02
3.757512140565467951e-02
1.825949313576605976e-03
6.344648844283075351e-02
-2.963268924259864975e-02
1.281663143233165679e-02
-2.884489192442928063e-02
9.627910734237916934e-02
-8.462733986960248311e-02
-3.581913083045065727e-02
-2.517228834061737558e-02
1.599879457936471405e-01
-3.565185527366687007e-02
6.050200443771728935e-03
-4.477839252398099767e-02
5.435749611149071764e-02
-3.262134442543761920e-03
4.728731994849787873e-02
7.194298201347168464e-02
-2.156396776876577312e-02
-6.193831057508091681e-02
-5.283574172870446339e-02
-4.349289189505833181e-02
1.421132015992116783e-02
6.651384195037669811e-02
5.572582041607634928e-02
-8.667696056065293808e-02
-4.659374149604557369e-02
-1.367578838814168841e-02
1.117224132224719016e-03
4.426601943384201460e-02
6.857099495368251807e-02
3.118518655374548018e-02
1.127100067297776009e-02
3.104942143525847228e-02
7.382355924555500382e-02
2.877409502885593801e-02
-7.587174447983950631e-03
2.733060828806574763e-02
1.241961693583158721e-01
-6.183471103100850186e-03
-6.176713275994330510e-02
4.088275217408315204e-02
-3.725149503426238018e-02
1.762525916859663394e-02
1.325094343954385905e-02
-2.531001977869036870e-02
7.916308344485512016e-02
-1.100644230025837889e-02
-5.142757948523544315e-02
-4.294067455554271412e-02
8.429338194110657864e-03
-4.441410929758096704e-02
1.286554096498177813e-01
8.493011418774546253e-03
-4.732276950898069851e-02
-2.675035765366182844e-03
2.655351126709372747e-02
1.484263013475004868e-02
-3.825954254268618127e-02
-4.014873274116071561e-02
-4.715642904255051143e-02
-7.977756749997622077e-02
2.431000351326674871e-02
3.374445484407882778e-02
3.690312390950407223e-02
2.850967890436322677e-02
4.211291327919496758e-02
1.016800273340111027e-01
2.636489085963707873e-02
7.519525351115050049e-02
-4.805857764536830556e-02
-3.288704165147095931e-02
-2.749391324265456835e-02
5.164028299244333847e-02
-3.546746182612733195e-02
1.649812610038351932e-03
1.605777331013716613e-01
4.830207489137604109e-03
2.160502131825535119e-02
5.675605659891108136e-03
1.136350613932600971e-02
-9.261110968705700552e-02
-1.365215480221146707e-02
1.435345544835801151e-02
-3.142953568816485212e-03
-5.327697145173182491e-02
7.792926363040332538e-02
-5.250202520764109954e-02
-3.912401147944908480e-02
-1.176786785193681267e-01
6.992081983489875641e-02
2.813681086400103212e-02
-9.719151491043739877e-02
1.124391856677940948e-01
-1.051058761708204281e-01
-3.777452319907076417e-02
3.053104393628328344e-03
2.491840530982002144e-02
-2.551502575998131767e-02
-1.974046701441083476e-02
1.640461255504969268e-02
4.449727017742629437e-02
2.043084925111067485e-02
-2.918164908499167043e-02
4.618089774256136509e-02
-2.324932996935376653e-02
8.153738942207407192e-02
1.490723868365680105e-01
-9.015033208557725330e-02
-4.934700891349556168e-02
-1.778504761120539013e-02
-2.720372888105487830e-02
1.904476022539237229e-02
6.394075460828957391e-02
7.596851437160317966e-02
8.587088567219597346e-02
2.303930867913261960e-02
3.211427027689513864e-04
8.375203478784011904e-03
2.260265445832295925e-02
-4.938103213668909586e-02
4.523887888495731202e-02
4.823703911574332703e-02
-3.427705715411882154e-02
-9.225676304839230957e-02
2.227674845627555800e-02
8.357781220677173994e-02
-3.244416961964120133e-02
1.727107802536273842e-02
1.394144461707163066e-02
7.121810718223493819e-05
-3.147616900318558897e-02
1.639208745784595522e-02
7.140191406719165190e-02
4.872111999101064878e-02
2.438475676956970793e-03
4.753395544391843773e-03
1.024069345956031378e-02
6.027446755995904959e-02
3.421907753115586981e-02
-3.614919963229489084e-03
5.505524848804654175e-02
-4.526002783673925556e-02
-2.001310877605104455e-02
9.420450051178115569e-02
-9.517653400314704179e-03
3.152830258784227596e-02
6.493444125020657147e-03
-4.238196834087902543e-03
-4.483913369018199813e-02
1.977623279421521219e-02
-1.912608818715330616e-02
3.680147348894921566e-02
-3.343211151824925041e-04
-2.966396704184197028e-02
-8.652216511173607683e-03
5.701081012004920179e-02
4.737025488049614874e-02
1.943538331474944231e-02
6.005412581874343750e-03
-5.828339215801866396e-02
-2.195137818630013560e-02
-5.257423645683353269e-02
-1.389469321751342704e-02
1.418699457953294385e-02
3.626293390890848733e-02
5.537890952534442468e-02
-1.836017629895397157e-02
-4.360431290348130290e-02
5.229003669954041325e-03
-3.446756813583869150e-02
-1.430950224836866937e-02
9.623494964534776153e-02
-2.387338418577052493e-02
-1.851051916538673124e-03
