4.292433967394895244e-01
9.295858728291104267e-01
2.136869440095157113e-01
-9.064005559842300830e-01
-8.718614740365300264e-01
-3.855548885509358925e-01
3.768372543118283513e-01
-8.316278556060379135e-01
-3.133773025000508028e-01
2.524775006017501155e-01
6.133732641074762792e-01
-7.483137281941001362e-01
-4.538965981379221581e-01
-6.496164305496936464e-01
6.464302946863262900e-01
-3.390826537615976299e-02
8.057940240864316372e-01
-4.482975690084307629e-01
-1.876401930588467160e-01
8.845438299258197024e-01
-3.183087202212036004e-01
-8.857817478113256815e-01
2.099866047197307406e-01
-7.501613067022809833e-01
1.723224975776287415e-01
-5.525230563111174220e-01
-6.781398367823616713e-01
8.536977747278577944e-01
4.486323058254204632e-01
-4.298726296807549030e-01
-2.686432824758120397e-01
5.388498221414390610e-01
6.277392315820207180e-01
-3.976679578055328790e-01
5.733427422938708329e-01
-5.528045081237888958e-01
7.414596373705202303e-01
-1.921872301191447363e-01
8.363988158626753933e-01
-7.940824794554408594e-01
8.169695457383114867e-01
-4.609903504747201453e-01
-4.576098906270882338e-01
-9.047517975451664363e-01
-6.346332644471959217e-01
9.724226192160632110e-01
-6.095771050698088889e-01
6.766117613891879934e-01
4.781640885410489705e-01
1.260292778991252138e-01
3.521318188310655906e-01
1.106967886627572284e-01
3.266777961818128073e-01
6.705235032032530462e-02
7.679249890493289321e-02
-5.705919520454694194e-01
8.973720136957095139e-01
-5.352392639110195027e-01
-4.394970721221636012e-03
5.177914290678065079e-02
-6.740820461748340264e-01
8.977765402172313003e-01
-2.692175790412398850e-01
1.639395875862474927e-01
9.356592899304794209e-02
8.927209656628996015e-01
-5.160201935891455260e-01
-5.321643289781294861e-01
5.527789938487197574e-01
4.812194031153360640e-02
-1.614245422581581657e-01
-7.427156502795604354e-01
9.812685255463238221e-01
-3.885274449622593274e-01
1.128640648894225773e-01
8.459448004709058111e-01
-6.181344390132834654e-01
-1.642447203294714608e-01
4.537704326167490976e-01
8.329604830437873364e-01
-8.004215544412343064e-01
-5.256588474465528904e-01
-3.429132168395598868e-02
-5.891564505744812941e-01
4.166887381085773168e-01
-6.660864668765535956e-01
5.914562561738385682e-01
-5.354262682305546139e-01
-4.747425958595425932e-01
3.724085265428769276e-01
-6.703826654254954054e-01
-3.511180506861877326e-01
6.021613334614492885e-01
6.895774416102105064e-01
9.555343808668479433e-01
1.190981665547581336e-01
-8.085524368946825913e-01
-2.806248606290528969e-03
-3.414164455894901362e-01
-3.093540418878619747e-01
-1.225725062172506874e-01
7.738939433730964712e-01
5.074020448706786368e-01
-6.721064934371634436e-03
-7.406901682514102081e-01
9.087755435018154415e-01
3.078636141616917232e-01
5.921000267574449971e-01
9.907177621855607352e-01
-6.210031211983062516e-01
7.782989083885532011e-01
1.569396318156610626e-01
1.109164941491029843e-01
4.977720109847509899e-01
5.135752148207384238e-02
3.167941715011188819e-01
6.055380607147498040e-03
9.926997247999778118e-01
-8.773750277156648902e-01
1.675061366894674553e-01
8.853189646478780706e-01
5.987048439277649070e-01
-4.934327141666661198e-01
8.447684360326945807e-01
-1.859229656600458469e-02
-8.175049988542555379e-01
-8.314177654257963734e-01
4.652070084895736368e-01
3.818633242865512312e-01
-8.585269972806495176e-01
6.409963746938804885e-01
-1.098174959679976137e-01
5.877705255562251097e-01
-8.525138282472142226e-01
5.357291886666297742e-01
5.903591031790536015e-01
7.279105799975684743e-01
8.278522905156604494e-01
1.021887145302158295e-01
1.855012445781574204e-01
-6.824710634103190454e-01
-4.017496942516902703e-01
6.187560755110750321e-01
-2.679324359508232778e-01
5.582178606606458260e-01
-8.016551560512685803e-02
4.157580892171885978e-01
5.939995210573338902e-01
1.075686653280554239e-01
-2.821348158071248502e-01
-3.205985954308425701e-01
-4.359415966906292628e-01
2.132536404214828707e-01
1.822261517036882772e-01
-5.526191604803698532e-02
6.983207445936010505e-01
1.476960880001478849e-01
6.964182924700950128e-01
-1.465984373413991015e-01
2.277617377324847592e-01
-7.693694166226228148e-02
-9.943323948650162336e-01
-1.870395139531344508e-01
-2.036888402946688270e-01
-4.313283645207555139e-02
4.030671957421425589e-01
-1.806657164326392895e-01
3.987740280831264528e-01
6.603638914690019845e-01
2.117314865122648104e-01
1.744567187544305842e-01
1.275689190945648033e-01
2.781534212407306139e-01
-4.851626843730649785e-01
-8.085937996385055282e-01
5.902273038032059826e-01
-2.393374520037079289e-01
1.744002428131392612e-01
-3.543825478219071456e-01
5.219121902265424495e-01
-4.292528327293654300e-02
-8.423465429284071604e-01
-5.736877924760668268e-01
-1.881492665157291633e-02
6.948866054631275269e-02
6.073077631841039548e-02
-2.952235668685256886e-01
-3.749013190284815611e-01
4.510100411029152045e-01
-8.364112540189734268e-01
4.009066054309970983e-01
3.157621231174574383e-01
-2.853457841146544993e-02
-4.170884380141479664e-01
6.252349899830944580e-01
-7.617085988068195146e-01
7.363868276443072958e-01
3.578857675457722820e-01
-3.227550638992908727e-01
-1.913309632656645665e-01
3.836987361337713676e-01
-6.898993255261487434e-02
-3.533044404635559133e-01
1.959274850225287690e-01
3.712819317972448907e-01
6.424106046669975090e-01
-6.430984256814704647e-01
5.079506928189541082e-01
2.878568647543802150e-01
6.419068290125440335e-02
1.630185659154457234e-01
-7.106511228348533216e-02
3.846850418320244547e-01
-3.876715716111165388e-01
-2.684855374435672903e-01
-7.812065088205644159e-03
1.994810608287749254e-01
9.576536803533315378e-01
-5.556029455445536946e-01
2.844051387222521488e-01
-3.967154840083475520e-02
-3.350250147384270516e-01
-8.834165061632370808e-01
7.348678601902660645e-01
-4.343586280305844483e-02
-4.787779703110284224e-01
1.541211669971069842e-01
-2.126896274011349508e-01
9.376440850076450673e-02
3.215909230275941777e-01
-6.514185705163553219e-01
-3.143629594199315314e-01
1.007484091766954748e-01
3.752907238218763375e-01
1.895054607948318814e-01
9.203795638279936853e-01
3.638762050874715381e-01
-2.340031825113053632e-01
-2.699579462756489523e-01
-7.710628100809799879e-01
-2.239803995465088349e-01
8.370558786282276120e-01
-8.686052356886502235e-01
-6.350901322683391026e-01
2.984348692073923726e-01
2.181301262041288602e-01
-5.461908934466639387e-01
4.691892708534028955e-01
-7.819505114160829606e-02
9.665007538331076287e-01
-4.418766527629174323e-01
9.480172170997673842e-01
3.128061753383695187e-01
6.282089464996678529e-01
5.891151800167198083e-01
9.408252060427526597e-01
1.362691022376905092e-01
-1.209887994056830784e-01
4.348446226276829751e-01
1.577039482745032917e-01
-9.280912433925532223e-01
8.784945350197690406e-01
-6.184543958338399872e-01
5.507943361214111544e-01
2.662976680881081748e-01
6.596187368362893544e-01
-6.563600208474333897e-01
4.944545564683033856e-01
7.191274890373589024e-01
-9.984017470230655000e-01
-7.049504741920185058e-01
6.243611627207819037e-01
-9.860266145377860614e-01
-3.144558666411401138e-01
7.833590544926329891e-01
-5.169555088898896145e-01
3.798670035583502358e-01
-6.921214336342806916e-01
9.065018240748239364e-01
-1.218683612404167782e-01
-2.394718175857086795e-01
-7.718159941834243920e-01
9.301880564271840512e-01
6.668331314081075156e-01
-3.435593772263163537e-01
-3.572009284935504514e-01
-4.948695170062757942e-01
2.330435508792865207e-01
5.255892278186597988e-01
9.589629097384635426e-01
9.185839379781082226e-01
6.777779698084165361e-01
6.796219011408992650e-01
-9.099727128912908913e-01
-5.253894474669205117e-01
-1.652263126607489419e-02
-1.982991863083216622e-02
1.817985000659667616e-01
6.647210459334527144e-01
3.511514056339359868e-01
-2.738335609957076588e-01
9.176861579128083868e-01
-2.188876343537127234e-01
-8.354283326084159800e-01
1.855559079747144402e-01
8.295461378096364857e-01
-5.216381162026468843e-01
8.020388592604006384e-01
-4.243701323480877363e-01
4.097043581921220312e-01
2.746486162094607941e-01
-2.578438547813857173e-01
4.191478875868941412e-01
2.369050201501512465e-01
2.759949093911102658e-01
-2.574261764074492476e-02
4.541060064707622690e-01
-2.055741691559063167e-01
-9.169209641814304312e-01
-9.943283063807206723e-01
-6.318542426446429605e-01
1.724040865667351152e-01
-8.466446843729278360e-01
6.716714531127154775e-01
7.395725089250244633e-01
-2.716877736102440988e-01
8.378330146676660206e-03
9.338171480163741656e-01
-8.510625103077644749e-01
8.674767114532975221e-01
7.420966430615449916e-01
2.760961395356367198e-01
-6.335246454265173188e-01
-1.102852786586252520e-01
-7.812065244235066874e-01
-8.641712951002040732e-01
4.597396123033161697e-01
-3.117446164105837081e-01
-8.973072959372441204e-03
6.743782850783206495e-01
-8.140079906021067124e-01
-2.291271757497037598e-02
6.944808087474627634e-01
1.512273720734278459e-01
6.776318183322072031e-01
4.074813007225048800e-01
5.569140175640998613e-01
-2.339577814230067165e-01
3.639271797667293917e-01
-4.282533874487002290e-01
3.612418875141447661e-01
7.833560070656702123e-01
7.887733279134008235e-01
-4.151403625632599237e-02
-5.017300690676085306e-01
-4.023472390036300084e-01
8.688521873807282248e-01
2.727426002753183809e-01
-6.298344867956060522e-01
9.928357289941431851e-01
7.105961473532329542e-02
-2.894308561837191096e-01
6.391055899847004618e-01
-3.897477596518974519e-01
8.203748797256136260e-01
-4.537028707266479444e-01
9.677775472145129232e-01
-3.311548367523899916e-01
5.176249274170681147e-01
-5.573673802563381408e-01
-7.445512820024944300e-01
-8.413624115384561453e-01
-8.867256385899107141e-01
4.926153948975486863e-01
6.256893982125391052e-01
-9.529687193941227541e-02
9.736485178877816171e-01
-1.484205334519692610e-01
-7.567494429700922787e-01
-9.388650060393404218e-01
-1.380098809503897961e-01
-6.087425023962453885e-01
-1.303711364746857893e-01
-8.070719086126523223e-01
4.288836670284825736e-01
-4.424039485940878258e-02
-2.174552908349163260e-01
1.804137395133957877e-01
9.332025589363082130e-01
-7.036670285341040110e-01
-7.189997647637802469e-01
9.136931400602319453e-01
-6.065924885678695144e-01
3.897688929657860957e-01
-8.728951758039580344e-01
4.242199367659074127e-01
1.123441584636115653e-01
6.896496723045144606e-01
-7.350755567759930109e-01
-4.647497957606019359e-01
9.386428001224351725e-01
1.985737490092447377e-01
3.436330505801981072e-01
1.247286457264864534e-01
-8.413687131338221104e-01
8.630735670285727412e-01
7.731512190909473059e-01
1.504848643890279725e-01
5.347389458810016816e-01
4.392481692062766285e-02
8.974556459597002878e-01
3.410270263568482285e-02
-3.496724428366795312e-01
-8.502457756210279882e-02
-5.691345470449438171e-01
-2.799424850334224502e-01
-8.029531536857945628e-01
5.351871368724179234e-01
4.583806529965501753e-01
1.178207347344908396e-01
-2.355254717790544738e-01
9.260843320989349259e-01
-1.333937859016876004e-02
-1.620923738045976226e-01
5.309083208722031877e-02
-9.445354449484617554e-01
1.083658194512326922e-02
-7.057903013247728286e-01
-8.568812041611291175e-01
1.506130856654803729e-01
-4.220033452216169767e-01
2.991264470339063397e-01
-8.914052575039050907e-01
6.481675421939623316e-01
5.889451508363314769e-01
-6.073127322314566534e-01
-8.212503244437874272e-01
-1.758285423354506438e-01
9.980218917925265387e-02
-3.482902769565112688e-01
4.723513282873050834e-01
-8.476006152462338683e-01
-3.259282235453337950e-01
-1.657240303857676622e-01
3.646898464003687224e-01
-1.011982780629825385e-01
-9.667213398080252151e-01
4.513399469789898255e-01
-7.586873479007123500e-01
-1.080053457579641663e-01
-8.800506811271198160e-01
-7.434348454666495076e-01
7.451015119458628266e-01
-3.520709534416142095e-01
4.036436520108932502e-01
-6.868493685351546585e-01
-8.802639718570559602e-01
1.937229288138169192e-01
5.463194253929024580e-01
-3.013521538415964152e-01
-3.525638463231079989e-01
-5.561510073244990693e-02
8.501978188483216847e-02
6.528556812607724247e-01
-2.608109347183724669e-01
-8.292791572695989988e-01
-4.133575737735708522e-01
5.619671307464175758e-01
-9.758638188015102966e-01
-7.633088289233149748e-01
2.926863555794538829e-01
8.331338987284462316e-01
-8.391462012197898890e-01
-9.964988840937238912e-01
-6.753561208039002839e-01
-7.536666222463639375e-01
-8.874571850100791970e-01
-8.003258792538101574e-01
-4.963338130201733200e-01
-9.447656309933611940e-01
4.166516995321949413e-01
-9.137450774490105676e-01
-7.859005454384795364e-01
-4.150536659789751948e-01
1.183690717587870811e-01
4.853568612027372442e-01
-6.769957787532776550e-02
-2.830333312719957028e-02
-6.849163932157058543e-01
3.752766914596463721e-01
-9.043473301985136548e-01
-6.862094034252659291e-01
-9.397392076788619875e-01
8.984934569215774491e-01
6.074646112465047487e-01
-2.655577409320681870e-01
3.770090103645522550e-01
5.137844393215544869e-01
-5.249371851966637692e-01
-9.313286400310947233e-01
2.853148734341157677e-01
8.730958736891698546e-01
6.942990101087997967e-01
-2.575379903562928785e-01
-5.866935519820095646e-01
-7.751412037862035476e-01
-6.044907000539578856e-01
-3.349346207516903373e-01
9.939300126565391302e-01
-3.783817918148804083e-01
4.916115870462109960e-01
-9.670607466667540120e-01
4.270868815204464930e-01
-4.528338235443012394e-01
4.754127279934834416e-01
-4.560968785393764158e-01
9.739177231997768747e-01
1.108362381284193621e-01
-6.402418759947039462e-01
-7.702482674532744600e-01
-4.081656209928992141e-01
8.209606482765687829e-01
-1.591544632787407210e-01
3.589406646503690013e-02
-7.631642551631550031e-01
-1.033975730546123906e-01
3.624385550392494881e-01
-4.045783993819385138e-02
5.305325810874916836e-01
2.893550078711635276e-01
-3.750119329805183810e-01
-1.691720607777265073e-01
-9.069882395259734054e-01
-8.460995741536818660e-01
9.636711973176126378e-02
7.935254353751080014e-01
8.461831545330216198e-01
-3.566595902557900821e-02
8.044444164805379938e-01
-3.757223507534799278e-01
-4.979742172418848423e-01
-2.180159867417972297e-01
-4.013700182305011133e-01
3.248375835575045834e-02
-5.709404757387182006e-01
-2.436244922437871274e-01
-8.823873199580263282e-01
-2.101283237292133066e-01
4.466049970494898602e-01
-4.780055305660406706e-01
-7.469886982501441341e-01
-7.841312355333664996e-01
9.499087178066414339e-01
8.709406856414125819e-01
-8.245711326306621736e-01
1.612454795383408968e-01
7.463342582447023421e-01
-3.774416442709647157e-01
-1.376316108087094481e-01
-6.977414220321698224e-02
4.440214445580816793e-01
-6.011636016951160677e-02
5.233426285423106172e-01
5.458733455969320136e-01
8.861486536482316989e-01
3.929868323710767886e-01
-8.638144895308514926e-01
-2.193408494435198364e-01
9.713100413694419899e-01
7.914428470781491587e-01
4.733318809706541508e-01
-7.300512964765693003e-01
-7.110382880420023088e-01
2.976802758010814731e-01
-5.018222315840104031e-01
-9.468915303089202595e-01
-3.247578527176024910e-01
-8.491831609671696146e-01
-5.952021956651276646e-01
-8.983504183676533916e-01
-2.910506444949760851e-01
-8.953056493567876917e-01
1.742017638568820193e-01
9.057568441141032878e-01
-7.130395077770472767e-01
1.838014707639172851e-01
-8.049790039227397997e-01
9.315972828299541320e-01
-3.184735210255273952e-01
-5.188984273660435242e-01
4.891146858379895601e-01
8.147966661705652314e-02
-4.867368973262784504e-01
2.635120023039303483e-01
-7.086683481846294264e-01
9.281837680309410477e-01
5.272759198908485434e-01
-3.934708262484587493e-02
6.281445268846244101e-01
-4.155855501061640478e-01
-5.743628524254558165e-01
-3.588043518096923901e-01
7.789562713519448955e-01
1.102828297066038576e-01
-5.456715895306640807e-01
2.372696637263582708e-02
-6.534091828259340762e-01
-2.937417146635821208e-01
7.621846512574039778e-01
6.030043418190969007e-01
-9.504151183056166463e-01
9.143954651816024182e-01
-6.975005059526306894e-03
-7.448255406930759381e-01
-7.198534851712150573e-01
3.974146241529055157e-01
-8.419980686525860847e-01
-6.888855896141377055e-01
5.126923249662467263e-01
-3.618225278837063907e-01
9.904620485981299183e-01
-9.603253754175096191e-01
3.532144290353778082e-02
8.129447376858494057e-01
5.515439751803921098e-01
-6.060875632342253017e-01
2.608940483929074183e-01
4.765190391669560377e-01
7.079324954741812448e-01
-7.555363996298201101e-01
8.221279921937107993e-01
-7.452019530344475839e-01
-9.752607171772109673e-02
-7.894376910841809369e-01
-8.015247609767581771e-01
8.305319642562920546e-01
-6.466643032745329478e-01
1.342629452072738871e-01
-1.365535364399932394e-01
9.013392743167034649e-01
-8.830325010077766379e-02
3.149415148882113158e-01
6.629580473062253176e-01
8.808471304980636241e-02
4.242061170868183240e-02
7.338872581008399898e-01
-5.712709886284803584e-01
4.889127334650140710e-01
-4.842687383006554214e-01
4.891503955928242497e-01
4.950293629219100211e-01
-1.001753430039789006e-01
1.845578243100463034e-01
1.978726620157096328e-01
4.925176703494340558e-01
-6.420375817711532207e-02
-5.134137695229377130e-01
5.418474864085216502e-01
-8.072113368435518410e-01
-8.117318847492178691e-01
7.145814740447846702e-01
-5.896778484004054910e-01
-4.397165114033840805e-01
-7.578282740146344842e-01
3.661334997865206553e-02
8.322140942579490108e-01
-1.666094220668759007e-01
8.049002526055628604e-01
-8.254603855974944615e-01
-5.370404705651461441e-01
-9.712969947488776512e-01
7.694415763150299625e-01
8.450762874322725882e-01
-2.310564247100554969e-01
-1.397083084853611989e-01
1.464217543887467166e-01
-6.033645507146072617e-01
-4.324881980172639029e-01
3.361890340212807526e-01
-3.516702160840021740e-01
-6.977198976262852792e-01
-5.896542754776930018e-01
-6.077458226474312664e-01
1.403496329958411337e-01
-7.115549565932772769e-01
3.613909969630664243e-01
-2.396617042135851250e-02
6.534755409289407790e-01
-3.793482847603411034e-01
-8.807642303132956485e-02
-7.441644632746560184e-01
-5.913978059155236000e-01
1.756696059312623515e-01
-8.393649795896740429e-01
-9.621844847617069263e-01
5.221560052512992378e-01
7.566298482322508789e-01
7.293583385828066312e-01
7.142614206525139675e-01
-5.292727615993146895e-01
-4.534343283779798117e-01
-5.868556924997212487e-01
5.810628132273087942e-02
-4.701653200232505103e-01
2.388911840786400731e-02
6.928973255122381492e-01
1.796025141298609462e-01
-3.182414945860578825e-03
-5.538652823678225090e-01
6.747432878555841285e-01
4.665279156010209149e-01
-2.982384741566692643e-01
-3.244132015536740354e-01
-8.767377554899806746e-01
6.296195362008099039e-01
-1.364245846746789947e-01
1.065079190822322275e-01
2.931515955970538378e-01
4.203909818596855974e-01
-8.142543942088387166e-01
-6.007288916364736941e-01
-7.046240252469064824e-01
-7.869797685866155579e-01
-2.456648643414889310e-01
-8.038636047171168197e-01
-8.563551520699341779e-01
-2.622926974453665405e-01
1.814272490110213631e-02
7.057439007501433714e-01
-1.886637690834342962e-01
3.057660655093441537e-01
-9.238674702344304990e-01
7.765530792383874559e-01
-3.549112402268230770e-01
3.796967353688800451e-01
-7.105723096693348229e-01
-6.491145593342815268e-01
-2.135323046798642821e-02
-1.232037370602192539e-01
3.365089371512868244e-01
4.202218770325361064e-02
2.181911634606910066e-01
6.748254514126064141e-01
-3.328784011676892973e-01
5.774471393972648858e-01
-3.071277293188603430e-01
-7.048031809663377611e-01
-7.513986988048666493e-01
-1.156885115805983411e-01
3.569719598375296066e-01
2.130908634134962565e-01
-1.161574615014520084e-01
8.612706935052782953e-03
5.650030843948747883e-01
9.645435967525646248e-01
-8.607032399099849851e-01
6.292919887414396563e-01
5.150052623904346483e-01
7.050468849152156103e-01
-8.235963125189795786e-01
-1.394193917458381726e-01
-2.674037599391607678e-01
8.887676833377189389e-01
-3.877503922507845591e-01
4.443137395789471533e-01
-3.728310959523262191e-02
7.912060336885593514e-01
-1.406466824594330145e-01
5.439888433719706207e-01
4.342533127667607129e-01
-6.551554112786859285e-01
5.312051260519918827e-01
-8.304969193876621247e-01
-2.966300959136896065e-01
5.705843063853681674e-01
4.436060475670553505e-01
-3.929143297438715265e-01
5.172502741189817232e-01
-5.756079273997061208e-01
2.909254227111979230e-01
3.679372016759066000e-01
5.321129593637434763e-01
8.713981105980417308e-01
-8.153654454966965393e-01
-5.891181748032681131e-01
-4.692981953810613227e-01
1.787103247304850928e-01
1.689178175472423327e-01
-7.010999841297596014e-01
-7.021221268049093744e-01
1.945859521113477708e-01
-8.069374737968513234e-01
-9.510961177154282353e-01
-8.042939483915487742e-01
-1.113573115473627251e-01
-8.999311088534094338e-01
-1.782006897191756867e-01
8.834967363012575792e-01
9.712738246805816544e-01
-5.876198651420700969e-01
-6.250564209176801000e-02
9.707119684361458223e-01
1.376157103724946484e-01
-5.860046542765999789e-01
3.048546056159755491e-01
-6.238440598857906139e-01
-9.191655397239482106e-01
-8.593061947755420427e-02
9.736181518225663911e-01
2.210266491341794648e-01
6.280258760629453541e-01
-7.403390711479755915e-01
2.595060118543714989e-01
-7.332950181731390238e-02
7.777385034558237376e-01
6.183814897368344887e-01
5.141241297312257874e-01
1.103204493384124518e-01
-9.725705641971604809e-01
8.581502668599785277e-01
5.728227436786126336e-01
1.845800331765319324e-01
2.225847684607931143e-01
8.577500260872528148e-01
-4.035201588736305744e-01
9.291908471844922968e-01
-2.839115026423895127e-01
-4.459856195984337468e-01
2.367260557612638205e-01
1.881322286505673347e-01
-3.920729287142412645e-01
-6.856869851114193448e-01
-4.687521626403863273e-01
-9.199833480837849020e-01
4.891882701499816744e-01
6.430782737601214993e-01
-7.635904562884008318e-01
7.323664987887807953e-01
-6.982615529380449271e-01
9.084517465896913002e-02
-7.933517675603090069e-01
-6.117511072028540831e-01
6.189413139306036982e-01
-3.060855559170465590e-01
-5.378745921882319703e-01
3.078123629554530005e-02
1.075083600344954871e-01
-5.217627570961147487e-01
-7.493561254894243184e-01
9.090914225949695560e-01
6.386396038359232197e-01
-8.723876081743531241e-01
4.684260473482591003e-01
2.610542772817303625e-01
8.951584475281784137e-01
-5.882177545924542894e-01
-8.232649078732203751e-01
3.786821369665243076e-01
-4.795884822540703585e-01
-8.054737600583430357e-01
-3.217749600689825407e-01
2.552923636986026423e-02
5.383613086075631493e-01
-1.727548407500867356e-02
-9.737704370727282566e-01
4.790971005156563489e-01
-3.898638272611676392e-01
1.514388188203130703e-02
7.320439003082308549e-01
-5.956086799392019682e-01
-2.961437434177229822e-01
3.085084626978222833e-01
4.289826192214147849e-01
7.738117516952260910e-01
-4.524078437764580407e-01
-2.168237376964365914e-01
1.297761039348825918e-01
3.340262219793832532e-01
-6.744104829865600337e-01
-5.348398160826604020e-01
-9.162540982930098554e-01
-5.962910268962546834e-01
3.525005435605179649e-01
-5.418773339632723118e-01
-5.269548452144392492e-01
-1.363620126121418696e-01
6.258840936581102632e-01
8.917150908906912310e-01
-1.121830296025296825e-01
1.765886098274025429e-01
-5.320963866970027656e-01
-4.919594079296807365e-02
-1.209648982415414409e-01
-8.749853813409078640e-01
-9.102610433190745365e-01
-4.483633821069168413e-01
-1.066692601565473186e-01
-9.079147347247977784e-01
-8.567924107699795844e-01
3.844617850839024964e-01
-5.506901780756923159e-02
3.640988742566004799e-01
-6.229091276711598013e-01
-7.658472733314560799e-01
-7.606504323116773936e-01
-2.726966671607391479e-01
1.530819645203174151e-01
-8.773370343541919691e-01
-2.733633633049812328e-01
-7.834664721954520683e-01
-3.892487448569519337e-01
6.130687417221925006e-01
-4.740757186287953839e-01
2.171686007255160256e-01
1.608434234272302366e-01
6.616560078538953338e-01
1.929513124719917094e-02
-1.542702559690867226e-02
-9.883818012844842738e-01
-7.843538496603807975e-01
-7.116790801367585129e-01
-9.406783206054869506e-01
3.333970633112866011e-01
-1.386763700856170622e-01
-9.908096185827273139e-01
7.359730880770132266e-01
9.038970162369652783e-02
4.868991267261564282e-01
8.086344639485709695e-01
3.532356512359342560e-01
-4.038447426916973448e-01
-3.961328160206312177e-01
2.352637810140241204e-01
-3.742303891915585989e-01
-4.525474478360533848e-01
4.608229842256212905e-01
-9.256967550914558807e-01
6.931290525974873606e-01
5.642788619588134935e-02
1.611056464785045605e-01
8.475793974016854193e-02
-9.254926047870546402e-01
1.453565350806973466e-01
-6.095981223326092380e-01
3.031295507459592642e-01
7.166301546069275830e-01
5.282436787628483899e-01
2.587983211211899448e-01
-7.598905877467188041e-02
8.489916032065134566e-01
-6.207186636695640747e-01
-9.426315866585166514e-01
4.929174341161068895e-02
-6.781761304682119018e-01
4.114564506789852860e-01
-4.481533560628667701e-01
-6.199678327256710197e-01
3.388581919010817955e-01
2.619722367254317952e-01
8.680070105269166447e-03
-1.532583941618603784e-01
-5.322974139939185001e-02
9.522856064957174738e-03
5.205653239574454805e-01
-4.215935786574291910e-01
-4.045742185949514624e-01
-5.227476351603448368e-01
-1.670081685896129819e-02
7.457917035242231929e-01
-7.310137341706128833e-01
-4.642051293034246129e-01
9.434204701889048472e-01
-6.203548730168075842e-01
-1.904088711492650798e-01
-9.261358730719748689e-01
-3.188840837426514252e-01
5.459978813577830437e-01
2.885718815701854290e-02
-9.611237106439434186e-01
4.298129024816623733e-01
-6.446025312954239972e-01
7.914539840707506269e-01
4.945600017652811431e-01
-5.444898228995298517e-02
-6.771355246059485022e-01
-4.684763879324285174e-01
-2.898134459608325830e-01
-8.989542502012157765e-01
-9.473386909272796252e-01
-9.708707026326508505e-01
4.259171488088857593e-01
-3.163498765477916752e-01
-7.680866992246537794e-01
1.939203556380688642e-01
8.402556318251042100e-03
-8.388646135223323252e-01
-8.790109834429635782e-01
-3.967448095198145008e-01
2.522485154944709151e-02
-1.276579057145612595e-01
