5.976568471957147653e-03
4.554841361130374856e-04
-3.876146064157320187e-02
-4.988841960299567058e-02
-7.240083151726785238e-02
-8.741687272676922082e-02
-9.896995029158318913e-02
-1.055703461150932360e-01
-1.188132193342340825e-01
-1.217061495467819804e-01
-1.296137694472806745e-01
-1.322282208640366274e-01
-1.410794818581237731e-01
-1.434463976962665199e-01
-1.471457728597282688e-01
-1.535348224767847658e-01
-1.541383606775970083e-01
-1.585806736220281010e-01
-1.620017374332169136e-01
-1.636146005002312720e-01
-1.676115600230947966e-01
-1.702430874679579931e-01
-1.722958286805980344e-01
-1.738434976518774266e-01
-1.766811721824568249e-01
-1.785879536381499155e-01
-1.790825246307229945e-01
-1.822570184240602797e-01
-1.833396688226203997e-01
-1.850134843004934415e-01
-1.860588442487118577e-01
-1.862662385834245593e-01
-1.868709313633523106e-01
-1.880391582802140860e-01
-1.904488276100562982e-01
-1.907644216703273110e-01
-1.914287263224453139e-01
-1.927857763017288006e-01
-1.929107424390338332e-01
-1.940867624147606663e-01
-1.945320312226570258e-01
-1.945331579856171000e-01
-1.955069741177803133e-01
-1.968597162252665456e-01
-1.972157600190759530e-01
-1.972742653227449738e-01
-1.975005125972885967e-01
-1.990574468090178795e-01
-1.993291486677653823e-01
-2.002505787496014489e-01
