0.000000000000000000e+00
-6.099871799999999622e-01
0.000000000000000000e+00
1.766914599999999946e-01
0.000000000000000000e+00
1.886856100000000036e-01
-9.250227300000000152e-01
-1.450843800000000128e-01
-5.272353100000000126e-01
6.493095199999999734e-01
-2.755708900000000128e-01
-1.547082300000000021e-01
6.749978399999999601e-01
0.000000000000000000e+00
5.377158499999999952e-01
-4.534647099999999931e-01
-6.406569199999999631e-01
0.000000000000000000e+00
-3.445213200000000198e-01
1.552586800000000100e-01
6.553602099999999986e-01
9.024642600000000181e-01
4.854288099999999884e-01
8.851657000000000275e-02
-1.510617800000000066e-01
6.518484300000000342e-01
-5.467837599999999521e-01
-6.491494899999999957e-01
1.428383000000000083e-02
7.891078700000000445e-01
0.000000000000000000e+00
-2.739752899999999824e-01
-3.894200600000000123e-01
6.944410699999999936e-01
4.997392999999999974e-01
3.706724100000000077e-01
3.618392100000000222e-01
1.578070000000000167e-02
-3.864644700000000044e-01
2.851960199999999945e-01
-9.735868399999999534e-01
-8.332231199999999838e-01
1.845209100000000102e-01
1.643199599999999871e-01
-2.729237800000000047e-01
4.993112000000000245e-02
-4.219446800000000164e-01
-4.155046900000000099e-01
8.207526899999999515e-01
0.000000000000000000e+00
-5.998726399999999570e-01
7.819182700000000263e-01
4.144456200000000146e-01
0.000000000000000000e+00
5.629906599999999761e-01
8.432955999999999785e-02
-3.207067699999999744e-01
-4.124289999999999901e-01
2.674298099999999900e-01
7.502902000000000182e-02
6.340545899999999735e-01
8.291446000000000094e-01
-7.045589399999999669e-01
0.000000000000000000e+00
-8.494143600000000349e-01
6.031003000000000058e-02
3.218841100000000011e-01
2.770949300000000171e-01
0.000000000000000000e+00
3.919076799999999805e-01
-9.415567500000000534e-01
-3.706583700000000148e-01
8.265814500000000509e-01
-7.910793299999999695e-01
9.797358000000000455e-02
-8.380697799999999864e-01
-5.776610000000000078e-02
-3.241361099999999773e-01
-9.451118600000000258e-01
0.000000000000000000e+00
1.093423200000000067e-01
3.548072199999999787e-01
-9.905942399999999592e-01
-2.946069700000000235e-01
-8.215352700000000397e-01
4.638072400000000095e-01
0.000000000000000000e+00
5.952467200000000069e-01
5.791334000000000204e-01
-9.610990200000000261e-01
-3.110242899999999810e-01
-7.587544000000000510e-01
2.219423600000000052e-01
0.000000000000000000e+00
-5.212223499999999454e-01
9.444051500000000265e-01
-7.868482399999999766e-01
-7.188541200000000408e-01
-3.806504700000000185e-01
3.917888600000000165e-01
9.855843600000000482e-01
1.327743700000000027e-01
2.233850400000000069e-01
5.757233999999999963e-02
-6.063598799999999622e-01
3.222438000000000247e-01
1.423626199999999953e-01
-5.278883100000000272e-01
7.695799999999999863e-02
1.444823899999999883e-01
-7.898185800000000478e-01
-9.938514699999999591e-01
-2.674678899999999859e-01
2.071724000000000065e-01
4.781243600000000260e-01
5.560105899999999712e-01
-6.644434799999999752e-01
-8.745304799999999990e-01
8.877954500000000415e-01
1.055771800000000066e-01
9.001156300000000554e-01
-9.745239999999999458e-02
-5.811932400000000554e-01
2.200032999999999850e-02
1.640680599999999878e-01
7.254050199999999560e-01
2.968434999999999824e-01
-7.621608300000000114e-01
-3.416549099999999783e-01
-9.924708000000000141e-02
8.215340999999999616e-02
0.000000000000000000e+00
-4.951866899999999849e-01
5.116222700000000456e-01
-9.668585000000000373e-02
0.000000000000000000e+00
6.409280699999999609e-01
-4.377766900000000239e-01
-6.796135500000000107e-01
5.358198699999999759e-01
4.658274800000000160e-01
0.000000000000000000e+00
-6.546013899999999497e-01
9.984770099999999982e-01
6.783517999999999493e-01
5.516016799999999831e-01
1.999668900000000082e-01
7.246544700000000505e-01
6.891932400000000403e-01
2.743725699999999823e-01
6.286938000000000248e-02
8.411432899999999879e-01
-9.849556699999999498e-01
-5.516699499999999645e-01
-2.478048300000000037e-01
1.325898000000000077e-01
4.246194699999999989e-01
1.311741999999999943e-02
-4.676840400000000231e-01
1.851237299999999864e-01
-4.994282099999999835e-01
1.276345100000000066e-01
-5.224643100000000429e-01
-7.373668100000000392e-01
-4.623319200000000073e-01
9.587959499999999524e-01
-6.334300400000000275e-01
5.930858799999999542e-01
-4.092538999999999899e-02
-1.202870600000000012e-01
-2.705695799999999762e-01
2.395942600000000033e-01
0.000000000000000000e+00
-7.013456500000000426e-01
2.559949699999999884e-01
3.700553699999999946e-01
-5.787743600000000432e-01
3.216385999999999967e-01
-7.333800600000000003e-01
-8.309908999999999768e-01
8.238235600000000103e-01
0.000000000000000000e+00
-5.072185799999999745e-01
2.621350700000000256e-01
-1.326423899999999989e-01
0.000000000000000000e+00
9.373992599999999564e-01
-6.943367299999999576e-01
-3.054752399999999812e-01
-1.350822200000000028e-01
8.978843100000000188e-01
-8.856486500000000373e-01
0.000000000000000000e+00
-3.747857199999999889e-01
4.547250000000000077e-03
2.579853899999999811e-01
-6.840134100000000439e-01
-7.102117000000000013e-01
1.979564099999999993e-01
7.203442500000000193e-01
-8.484405600000000103e-01
9.332196600000000064e-01
8.186852599999999702e-01
3.300493800000000033e-01
-6.769909999999999643e-03
-4.420280000000000389e-03
3.530056899999999831e-01
8.925317299999999676e-01
-3.753835200000000261e-01
4.394549999999999845e-01
-6.014554800000000423e-01
1.446947799999999951e-01
0.000000000000000000e+00
-8.230839300000000192e-01
9.361673299999999642e-01
0.000000000000000000e+00
-8.692776199999999731e-01
6.838046999999999875e-02
-9.071394299999999689e-01
9.196602299999999675e-01
3.607895500000000144e-01
6.492879200000000184e-01
8.255785700000000116e-01
9.747646500000000103e-01
1.565114300000000069e-01
-5.732564999999999883e-02
-7.157302199999999726e-01
-4.936476200000000092e-01
0.000000000000000000e+00
6.802464900000000370e-01
8.875884899999999522e-01
7.524512799999999446e-01
8.024105299999999552e-01
-1.531459900000000096e-01
5.476635800000000387e-01
9.306058299999999672e-01
-4.820430800000000127e-01
3.738457499999999767e-01
0.000000000000000000e+00
3.187134600000000040e-01
6.707837300000000225e-01
-2.472782500000000050e-01
8.914297000000000193e-02
-2.362962999999999869e-02
5.660416400000000126e-01
4.432255900000000026e-01
2.846904399999999891e-01
-2.278454199999999930e-01
9.646257700000000490e-01
-6.597814199999999518e-01
4.150399599999999856e-01
-5.630628800000000433e-01
-2.942197300000000126e-01
8.887790700000000044e-01
4.684731999999999785e-01
-9.515081300000000075e-01
-3.328958799999999774e-01
4.345255499999999826e-01
-1.669934399999999930e-01
-7.779072099999999601e-01
-2.022848100000000093e-01
-7.496017900000000456e-01
6.897612300000000030e-01
-1.596888499999999933e-01
-6.305217499999999919e-01
3.315816300000000161e-01
-8.943203499999999861e-01
8.757255699999999532e-01
-2.992308799999999769e-01
-3.410704999999999987e-01
2.943328000000000055e-01
1.953984400000000066e-01
-4.870415200000000056e-01
0.000000000000000000e+00
0.000000000000000000e+00
-5.307894600000000462e-01
7.927262499999999656e-01
-5.081328299999999798e-01
5.729360300000000406e-01
-8.199787299999999890e-01
0.000000000000000000e+00
-2.596319000000000266e-01
6.768522999999999901e-02
0.000000000000000000e+00
-1.878940100000000002e-01
-6.454425599999999985e-01
6.578752999999999684e-02
6.227164499999999769e-01
-1.334614999999999933e-02
-7.831371999999999778e-01
-7.303270699999999671e-01
-8.458797000000000121e-01
8.917947200000000407e-01
-6.698904500000000262e-01
6.626521499999999953e-01
1.888529899999999984e-01
4.507104900000000192e-01
-7.695279900000000506e-01
-2.504441399999999818e-01
8.821182899999999716e-01
-8.775984799999999586e-01
4.983757600000000010e-01
-4.312772699999999904e-01
0.000000000000000000e+00
-7.202802999999999845e-01
-3.927012200000000175e-01
-7.122106099999999662e-01
-1.738487999999999839e-02
-6.741980400000000540e-01
-3.270672000000000162e-02
1.752619800000000116e-01
-6.275834999999999608e-01
-9.840491900000000181e-01
1.527965300000000137e-01
7.327689299999999850e-01
7.866958499999999743e-01
0.000000000000000000e+00
0.000000000000000000e+00
2.583087099999999969e-01
1.429544100000000040e-01
5.422406499999999907e-01
9.122673900000000113e-01
-9.784228999999999843e-01
-8.869967399999999502e-01
8.697034599999999838e-01
2.984831700000000199e-01
7.950081799999999532e-01
-8.300717600000000473e-01
6.239187999999999679e-02
-7.644355800000000034e-01
-7.489130400000000298e-01
-7.902437199999999828e-01
-4.095978900000000200e-01
-9.561469400000000007e-01
-8.302800799999999759e-01
-8.714484799999999698e-01
0.000000000000000000e+00
-3.759379600000000154e-01
7.749254399999999654e-01
-8.403886400000000201e-01
-5.182939699999999927e-01
-2.660349699999999817e-01
1.606596899999999939e-01
-4.738966900000000093e-01
-2.277383900000000128e-01
9.176906700000000416e-01
-4.978371999999999659e-02
0.000000000000000000e+00
7.498030700000000159e-01
6.316995800000000383e-01
0.000000000000000000e+00
-2.807958700000000030e-01
-4.432523899999999961e-01
-5.662939999999999641e-01
5.010367799999999594e-01
7.652938200000000135e-01
7.991989499999999635e-01
7.789036999999999766e-01
3.820617199999999936e-01
-5.549539500000000292e-01
-6.981623099999999527e-01
6.354078499999999963e-01
0.000000000000000000e+00
1.962069399999999963e-01
-4.207633499999999804e-01
4.627850000000000019e-02
-7.566550399999999454e-01
-5.397669699999999571e-01
6.607650699999999544e-01
0.000000000000000000e+00
9.877046900000000518e-01
1.886620000000000094e-03
-7.965401300000000129e-01
6.067474200000000373e-01
-4.867803600000000230e-01
7.949105400000000543e-01
5.556677100000000369e-01
9.960747399999999585e-01
9.543666600000000333e-01
-6.085485400000000267e-01
-3.208945100000000217e-01
-3.326372799999999796e-01
6.297079399999999660e-01
8.529347400000000246e-01
4.663099399999999783e-01
-2.587872199999999845e-01
0.000000000000000000e+00
6.767577500000000468e-01
-4.169882100000000258e-01
2.511018600000000101e-01
-1.258802499999999991e-01
-3.520037400000000094e-01
1.248236499999999943e-01
-1.864954299999999898e-01
0.000000000000000000e+00
1.002466600000000013e-01
-7.081228699999999598e-01
8.347936299999999532e-01
-2.789713999999999805e-01
-3.451423399999999919e-01
9.203229200000000443e-01
1.370142099999999974e-01
-6.935202999999999507e-02
0.000000000000000000e+00
3.536596900000000265e-01
5.310555799999999715e-01
-8.831290000000000320e-03
-9.645966500000000554e-01
3.967754900000000085e-01
9.998654500000000445e-01
-4.817454500000000195e-01
-2.184124299999999907e-01
4.698101599999999767e-01
7.101190000000000280e-03
2.883435200000000198e-01
0.000000000000000000e+00
2.980190600000000023e-01
-1.569401400000000057e-01
-2.588288000000000255e-01
8.230819600000000014e-01
1.642421799999999876e-01
2.251921699999999971e-01
-5.203979399999999478e-01
-5.771195799999999654e-01
-8.063545199999999635e-01
1.195963000000000026e-01
5.304898799999999692e-01
-2.473412299999999953e-01
-8.357559900000000042e-01
2.014215900000000115e-01
-9.585969699999999927e-01
0.000000000000000000e+00
5.656676000000000065e-02
1.654552599999999929e-01
2.839358499999999896e-01
5.998875000000000041e-02
-3.624632199999999749e-01
0.000000000000000000e+00
-3.675567399999999929e-01
4.104632899999999807e-01
-7.351047699999999629e-01
-8.066325899999999827e-01
-3.937963099999999828e-01
-3.568433100000000247e-01
8.221960600000000063e-01
9.140212999999999810e-02
-9.877698099999999704e-01
-7.751051500000000205e-01
4.096579399999999982e-01
7.355955699999999764e-01
-6.300577200000000433e-01
5.693534799999999674e-01
-7.359134699999999585e-01
7.263855900000000254e-01
6.119667600000000540e-01
6.781714300000000195e-01
7.474887599999999743e-01
-6.855905300000000313e-01
-9.881106299999999898e-01
8.463217000000000656e-02
0.000000000000000000e+00
1.415205900000000017e-01
4.722301300000000257e-01
5.535305000000000086e-02
-2.125967699999999905e-01
8.002286199999999461e-01
-8.386925699999999706e-01
4.592765100000000267e-01
6.117364299999999977e-01
-7.570781199999999656e-01
6.003775199999999979e-01
9.968967800000000379e-01
-8.161374900000000210e-01
-1.936214400000000058e-01
-5.734061999999999770e-01
0.000000000000000000e+00
-5.382067299999999666e-01
9.030703700000000111e-01
0.000000000000000000e+00
-1.670360800000000034e-01
-1.952574900000000058e-01
-9.326399199999999556e-01
-5.602255000000000429e-01
-9.787650599999999645e-01
-5.623648500000000272e-01
-7.074357599999999691e-01
4.384587000000000206e-02
6.933992900000000015e-01
0.000000000000000000e+00
-5.037230400000000108e-01
1.502153200000000133e-01
3.403322000000000291e-02
-3.085320200000000179e-01
-2.857971000000000261e-01
-6.595283600000000357e-01
0.000000000000000000e+00
-4.093586000000000169e-01
8.994242399999999860e-01
9.401774999999999716e-02
9.797418399999999750e-01
7.325520399999999599e-01
3.286377999999999799e-01
0.000000000000000000e+00
8.665103499999999848e-01
-2.666983800000000127e-01
7.926144999999999996e-01
8.155205899999999897e-01
0.000000000000000000e+00
-8.953829199999999711e-01
7.486792399999999681e-01
-3.919718500000000105e-01
7.649880199999999908e-01
4.080349799999999916e-01
-8.768140300000000220e-01
-6.964428400000000074e-01
-8.116643900000000134e-01
2.943864199999999820e-01
-9.136821099999999918e-01
2.998477500000000240e-01
9.712610799999999989e-01
0.000000000000000000e+00
-3.036337499999999801e-01
-4.515835200000000160e-01
-1.555893600000000099e-01
2.909018600000000121e-01
0.000000000000000000e+00
0.000000000000000000e+00
7.115989999999999815e-02
5.397357799999999983e-01
-1.752636399999999983e-01
-7.362058999999999964e-02
-8.826401099999999778e-01
-5.411420500000000411e-01
-7.621810100000000476e-01
1.942152600000000007e-01
2.967049399999999726e-01
9.560993199999999748e-01
7.153942100000000304e-01
9.518661400000000272e-01
6.806375999999999538e-01
-8.594591599999999998e-01
6.352823100000000167e-01
-9.200266999999999751e-01
7.967035500000000381e-01
-9.998645800000000028e-01
1.906148599999999971e-01
-6.818131400000000397e-01
9.214269000000000487e-01
-8.838949999999999863e-01
9.371116000000000168e-02
1.825677599999999956e-01
4.999305199999999894e-01
2.878556400000000237e-01
-6.958174400000000093e-01
2.226792200000000110e-01
6.691456999999999544e-01
7.815694600000000491e-01
-3.718517199999999967e-01
-2.453740000000000088e-02
-5.829996400000000412e-01
9.605604399999999599e-01
3.196397899999999792e-01
-9.830499200000000215e-01
-1.801197400000000004e-01
3.779353999999999769e-01
-8.443091299999999633e-01
-6.335833000000000437e-02
7.991804200000000025e-01
-4.756534499999999777e-01
-3.985144000000000186e-02
0.000000000000000000e+00
-5.682977299999999454e-01
-8.927116999999999691e-02
-4.592889099999999947e-01
9.935554899999999856e-01
-1.925308400000000086e-01
3.073158999999999960e-02
-8.993616999999999584e-02
0.000000000000000000e+00
6.957562800000000047e-01
2.513791699999999851e-01
-9.553907999999999845e-02
0.000000000000000000e+00
-1.483497300000000130e-01
0.000000000000000000e+00
-6.814572199999999746e-01
-3.472837000000000146e-02
-4.085041300000000208e-01
-5.086017999999999789e-02
-8.049044100000000146e-01
7.012531800000000315e-01
3.417047200000000173e-01
-2.288513699999999984e-01
7.342005700000000523e-01
-5.307825900000000541e-01
-5.306763100000000399e-01
-3.328748499999999999e-01
3.479329099999999841e-01
-9.200521299999999680e-01
2.893900799999999940e-01
7.675693900000000180e-01
8.865896399999999566e-01
5.409580299999999786e-01
0.000000000000000000e+00
-9.157572099999999882e-01
5.680543200000000015e-01
5.038019900000000328e-01
3.711210400000000131e-01
-9.943325400000000425e-01
-5.218390899999999499e-01
-8.137516599999999878e-01
-3.323141399999999801e-01
0.000000000000000000e+00
-8.581107000000000318e-02
-1.382800899999999944e-01
9.600660300000000147e-01
-6.898940199999999967e-01
0.000000000000000000e+00
0.000000000000000000e+00
7.369355100000000158e-01
-1.204606700000000058e-01
8.613385199999999964e-01
-6.742285799999999663e-01
-1.357770000000000088e-01
-3.220976099999999787e-01
-8.519831799999999511e-01
-6.194477600000000139e-01
-6.489349800000000501e-01
-8.622322100000000544e-01
7.796911699999999890e-01
7.911034900000000203e-01
9.865506899999999524e-01
2.864998200000000161e-01
-6.538503900000000035e-01
8.924387400000000081e-01
-7.447638100000000261e-01
8.347971999999999337e-02
-1.646279599999999899e-01
1.609203800000000018e-01
-7.443221800000000554e-01
6.968754000000000337e-01
8.597443099999999561e-01
1.346403000000000010e-02
0.000000000000000000e+00
-1.451368999999999923e-02
3.245763799999999977e-01
-2.962222099999999858e-01
-1.502556200000000064e-01
3.824253100000000183e-01
0.000000000000000000e+00
-7.279549800000000292e-01
3.403059999999999974e-01
-9.484301800000000116e-01
3.328278100000000017e-01
-7.460736700000000221e-01
0.000000000000000000e+00
8.799422300000000474e-01
8.256971600000000411e-01
-2.055426999999999949e-02
-1.911892400000000103e-01
-4.927479000000000164e-01
1.821332099999999898e-01
7.961991099999999877e-01
-9.491452999999999696e-02
-7.224727100000000179e-01
7.727565999999999602e-02
2.022950799999999882e-01
0.000000000000000000e+00
2.851990400000000148e-01
2.281755099999999981e-01
9.009721600000000219e-01
-1.567213199999999973e-01
2.649826599999999810e-01
7.773987999999999732e-02
-7.653314799999999529e-01
1.272424100000000002e-01
-1.143557000000000046e-01
1.044592500000000035e-01
-6.415567500000000090e-01
0.000000000000000000e+00
3.820347000000000048e-01
-1.440216400000000063e-01
9.474520899999999690e-01
-4.124879900000000266e-01
4.673269199999999790e-01
-8.148059600000000513e-01
-5.299779700000000204e-01
6.008200599999999891e-01
-9.710752599999999957e-01
7.280432500000000307e-01
4.742525300000000055e-01
-7.347188300000000449e-01
1.549337600000000037e-01
0.000000000000000000e+00
5.560274699999999681e-01
0.000000000000000000e+00
-2.707714199999999849e-01
8.444026399999999821e-01
1.583731499999999903e-01
6.229728599999999616e-01
2.899545900000000120e-01
6.472526499999999849e-01
2.549377600000000132e-01
7.589983399999999936e-01
-6.557636999999999494e-01
0.000000000000000000e+00
9.605714999999999393e-02
-2.050061599999999928e-01
-1.709130899999999897e-01
-4.728794299999999895e-01
2.300170099999999940e-01
1.517839999999999901e-03
-1.486045799999999861e-01
-7.044325799999999749e-01
0.000000000000000000e+00
-8.843039200000000211e-01
1.749493900000000102e-01
4.157663000000000331e-02
-7.012256000000000045e-01
0.000000000000000000e+00
4.669584999999999986e-01
2.921033199999999996e-01
6.453674999999999828e-01
0.000000000000000000e+00
3.429674699999999965e-01
8.298088099999999523e-01
8.026169499999999957e-01
2.994093099999999841e-01
1.408553200000000061e-01
4.292230799999999791e-01
1.692432799999999959e-01
-6.452937199999999596e-01
-6.261478200000000216e-01
-4.576996700000000029e-01
-4.072023999999999783e-02
4.401623499999999800e-01
-2.790474000000000010e-01
-5.382508499999999474e-01
0.000000000000000000e+00
-3.397446399999999866e-01
1.360462199999999955e-01
-8.444909099999999835e-01
-6.315071799999999458e-01
7.129324200000000111e-01
5.355669899999999650e-01
-4.230074999999999807e-02
-7.375310999999999950e-01
7.507395100000000543e-01
3.125731299999999768e-01
8.620834400000000342e-01
-9.240767300000000128e-01
8.246515399999999607e-01
0.000000000000000000e+00
3.250321800000000039e-01
7.406111999999999418e-02
1.549805999999999927e-02
3.790240999999999749e-02
0.000000000000000000e+00
-1.591458199999999934e-01
4.147541599999999828e-01
-5.753403400000000056e-01
-6.939939800000000103e-01
-3.911849600000000260e-01
0.000000000000000000e+00
5.686894900000000197e-01
-3.703315600000000041e-01
-5.242023799999999678e-01
1.952086700000000008e-01
6.519154999999999811e-01
-4.004356399999999816e-01
-5.177085000000000020e-02
-8.245189800000000124e-01
2.713901000000000230e-01
-5.643441300000000549e-01
6.379346200000000078e-01
6.896705000000000196e-02
-3.251836799999999750e-01
-4.055932999999999899e-01
-8.323885699999999943e-01
5.099547599999999514e-01
9.271270299999999631e-01
8.343201000000000089e-02
0.000000000000000000e+00
-6.718192100000000000e-01
2.345207599999999948e-01
3.468120599999999776e-01
-8.964406700000000505e-01
-2.356946400000000108e-01
8.951485300000000533e-01
9.476811299999999827e-01
-6.790856199999999454e-01
9.116789400000000487e-01
0.000000000000000000e+00
-9.180169999999999997e-02
7.745089800000000135e-01
-3.002382399999999896e-01
-2.074694900000000064e-01
-1.271117599999999903e-01
-1.067022799999999966e-01
-7.057258299999999984e-01
5.252882899999999911e-01
-3.254815699999999978e-01
0.000000000000000000e+00
7.295439999999999703e-01
5.804994100000000490e-01
1.786671900000000035e-01
0.000000000000000000e+00
3.617855899999999902e-01
1.774589099999999975e-01
4.908665000000000250e-02
-4.913070999999999966e-01
8.243639999999999857e-01
2.355200000000000071e-01
-7.354684999999999695e-02
-6.297637000000000373e-01
5.314101100000000466e-01
-7.817763199999999690e-01
-8.715784300000000151e-01
6.575682999999999945e-01
2.117892200000000003e-01
3.649607400000000057e-01
-3.266772900000000091e-01
1.236305399999999971e-01
3.957797499999999857e-01
0.000000000000000000e+00
-8.172518199999999622e-01
9.714028099999999499e-01
-9.614304700000000370e-01
-1.905640999999999932e-02
-1.501523399999999953e-01
2.656136700000000239e-01
-3.662540400000000029e-01
6.088718100000000133e-01
-4.280615500000000129e-01
-6.785915700000000328e-01
0.000000000000000000e+00
-1.617735299999999987e-01
1.086000800000000016e-01
1.613375599999999910e-01
8.263715099999999758e-01
-2.726061200000000073e-01
5.986798100000000344e-01
9.935300500000000534e-01
-6.777163499999999674e-01
-4.266004700000000094e-01
-4.493462200000000184e-01
0.000000000000000000e+00
2.585964900000000122e-01
-6.616875300000000237e-01
-4.902545200000000269e-01
-7.255764500000000394e-01
8.810920999999999337e-02
-8.976735700000000318e-01
3.051498699999999897e-01
-6.757480000000000431e-02
0.000000000000000000e+00
-6.273651399999999878e-01
-8.614497899999999930e-01
7.570973199999999625e-01
4.041906200000000005e-01
-5.620404199999999850e-01
-5.038918700000000195e-01
4.712212000000000067e-01
-2.543241099999999921e-01
4.285429199999999939e-01
9.561050800000000516e-01
0.000000000000000000e+00
6.810235199999999933e-01
-2.740398399999999790e-01
-8.449854100000000479e-01
-5.322102000000000083e-02
0.000000000000000000e+00
-2.746347000000000024e-02
-5.349616400000000160e-01
8.857369099999999884e-01
0.000000000000000000e+00
0.000000000000000000e+00
0.000000000000000000e+00
1.642754499999999895e-01
-3.498581499999999789e-01
-2.281296999999999908e-01
-6.994788699999999748e-01
8.689342300000000296e-01
-5.452998500000000304e-01
-6.902181699999999642e-01
-5.398743700000000478e-01
-6.762168200000000517e-01
6.130381799999999881e-01
9.919185200000000258e-01
0.000000000000000000e+00
9.594760599999999640e-01
-4.952824900000000197e-01
-7.511608899999999700e-01
8.257754099999999875e-01
-1.543991600000000075e-01
-2.097066399999999997e-01
-4.137719100000000205e-01
0.000000000000000000e+00
5.182232100000000452e-01
2.525185600000000030e-01
0.000000000000000000e+00
-8.398779400000000450e-01
3.432086400000000093e-01
7.364093699999999521e-01
8.210959500000000189e-01
7.550252800000000208e-01
0.000000000000000000e+00
0.000000000000000000e+00
9.443437500000000373e-01
8.972421099999999816e-01
9.016785999999999968e-01
-8.926144299999999587e-01
0.000000000000000000e+00
6.292687099999999534e-01
-2.231732300000000002e-01
4.481999700000000031e-01
-6.164955399999999530e-01
9.264535999999999882e-01
6.653469300000000031e-01
-6.494361999999999358e-02
-1.452777399999999886e-01
6.168417000000000344e-02
-2.321264600000000067e-01
-3.622937999999999853e-02
-2.836368000000000222e-01
-5.630748199999999759e-01
0.000000000000000000e+00
9.931320399999999937e-01
-5.121333399999999925e-01
3.482946699999999729e-01
-1.268867700000000098e-01
-1.337949200000000116e-01
-6.846068100000000101e-01
-2.405741700000000038e-01
-8.849910500000000013e-01
-1.768558899999999878e-01
-4.702605100000000204e-01
2.439235000000000014e-02
-6.819780100000000234e-01
5.802550499999999944e-01
4.207582999999999740e-01
7.016018899999999503e-01
4.002691999999999917e-01
3.440157099999999746e-01
0.000000000000000000e+00
-4.126803900000000080e-01
8.802905699999999944e-01
4.564243499999999787e-01
0.000000000000000000e+00
3.659390800000000277e-01
-7.656743200000000193e-01
1.078609999999999985e-01
1.757278499999999910e-01
7.460441300000000275e-01
-9.594941200000000059e-01
0.000000000000000000e+00
-4.343302900000000077e-01
5.793222000000000094e-01
1.843491499999999894e-01
1.450180600000000042e-01
7.292673499999999809e-01
-6.136752399999999552e-01
3.637213499999999988e-01
4.481273499999999799e-01
5.275304899999999630e-01
2.424681800000000054e-01
1.302944400000000114e-01
-1.204061399999999948e-01
8.416099000000000219e-01
-7.380844500000000030e-01
-1.063791800000000037e-01
-8.404345699999999919e-01
-8.127199699999999583e-01
-4.398342299999999927e-01
-3.078543300000000094e-01
7.870357000000000047e-02
-4.638893299999999886e-01
1.741559500000000038e-01
-1.470478799999999919e-01
-6.654259000000000146e-01
3.104927000000000034e-02
-7.144241799999999643e-01
9.136280199999999851e-01
4.706994199999999795e-01
7.624003999999999781e-01
-7.184472000000000080e-02
2.734003899999999931e-01
-6.055721299999999863e-01
0.000000000000000000e+00
-7.960802799999999735e-01
6.294807000000000041e-01
-9.892426100000000222e-01
-8.833710299999999460e-01
2.124616800000000139e-01
-8.265512999999999333e-02
5.724815999999999933e-02
6.979832599999999942e-01
0.000000000000000000e+00
9.313150799999999618e-01
-6.555672999999999362e-02
